5 0 0
15 82 3.38418e-05
25 202 8.33663e-05
35 270 0.00011143
45 374 0.000154352
55 391 0.000161368
65 455 0.000187781
75 567 0.000234004
85 667 0.000275274
95 736 0.000303751
105 794 0.000327688
115 877 0.000361942
125 962 0.000397022
135 1020 0.000420959
145 1160 0.000478737
155 1130 0.000466356
165 1188 0.000490293
175 1362 0.000562104
185 1316 0.000543119
195 1479 0.00061039
205 1455 0.000600485
215 1558 0.000642994
225 1616 0.000666931
235 1666 0.000687566
245 1762 0.000727186
255 1770 0.000730487
265 1839 0.000758964
275 1880 0.000775885
285 1959 0.000808489
295 2071 0.000854711
305 2045 0.000843981
315 2095 0.000864616
325 2204 0.000909601
335 2238 0.000923633
345 2199 0.000907538
355 2272 0.000937665
365 2327 0.000960364
375 2348 0.000969031
385 2307 0.00095211
395 2469 0.00101897
405 2384 0.000983888
415 2400 0.000990491
425 2521 0.00104043
435 2521 0.00104043
445 2463 0.00101649
455 2566 0.001059
465 2570 0.00106065
475 2572 0.00106148
485 2528 0.00104332
495 2595 0.00107097
505 2563 0.00105776
515 2578 0.00106395
525 2668 0.0011011
535 2703 0.00111554
545 2653 0.00109491
555 2672 0.00110275
565 2676 0.0011044
575 2618 0.00108046
585 2602 0.00107386
595 2558 0.0010557
605 2623 0.00108252
615 2561 0.00105694
625 2621 0.0010817
635 2608 0.00107633
645 2668 0.0011011
655 2543 0.00104951
665 2543 0.00104951
675 2484 0.00102516
685 2485 0.00102557
695 2534 0.00104579
705 2495 0.0010297
715 2357 0.000972745
725 2374 0.000979761
735 2418 0.00099792
745 2440 0.001007
755 2326 0.000959951
765 2339 0.000965316
775 2229 0.000919919
785 2297 0.000947983
795 2269 0.000936427
805 2312 0.000954173
815 2186 0.000902172
825 2079 0.000858013
835 2147 0.000886077
845 2055 0.000848108
855 2133 0.000880299
865 2021 0.000834076
875 1915 0.00079033
885 1966 0.000811377
895 1862 0.000768456
905 1926 0.000794869
915 1801 0.000743281
925 1759 0.000725948
935 1714 0.000707376
945 1711 0.000706138
955 1750 0.000722233
965 1680 0.000693344
975 1662 0.000685915
985 1641 0.000677248
995 1541 0.000635978
1005 1589 0.000655788
1015 1506 0.000621533
1025 1518 0.000626486
1035 1456 0.000600898
1045 1436 0.000592644
1055 1319 0.000544358
1065 1365 0.000563342
1075 1300 0.000536516
1085 1297 0.000535278
1095 1260 0.000520008
1105 1176 0.000485341
1115 1174 0.000484515
1125 1117 0.000460991
1135 1107 0.000456864
1145 1157 0.000477499
1155 1075 0.000443658
1165 990 0.000408578
1175 1040 0.000429213
1185 940 0.000387942
1195 930 0.000383815
1205 918 0.000378863
1215 966 0.000398673
1225 837 0.000345434
1235 850 0.000350799
1245 831 0.000342958
1255 810 0.000334291
1265 710 0.00029302
1275 695 0.00028683
1285 687 0.000283528
1295 670 0.000276512
1305 673 0.00027775
1315 642 0.000264956
1325 618 0.000255052
1335 588 0.00024267
1345 563 0.000232353
1355 530 0.000218733
1365 530 0.000218733
1375 500 0.000206352
1385 500 0.000206352
1395 430 0.000177463
1405 416 0.000171685
1415 437 0.000180352
1425 454 0.000187368
1435 425 0.000175399
1445 402 0.000165907
1455 379 0.000156415
1465 359 0.000148161
1475 345 0.000142383
1485 330 0.000136193
1495 333 0.000137431
1505 306 0.000126288
1515 300 0.000123811
1525 292 0.00012051
1535 278 0.000114732
1545 261 0.000107716
1555 253 0.000104414
1565 243 0.000100287
1575 262 0.000108129
1585 224 9.24459e-05
1595 195 8.04774e-05
1605 187 7.71758e-05
1615 199 8.21282e-05
1625 174 7.18106e-05
1635 170 7.01598e-05
1645 148 6.10803e-05
1655 159 6.562e-05
1665 149 6.1493e-05
1675 155 6.39692e-05
1685 130 5.36516e-05
1695 122 5.035e-05
1705 119 4.91119e-05
1715 123 5.07627e-05
1725 115 4.7461e-05
1735 103 4.25086e-05
1745 83 3.42545e-05
1755 88 3.6318e-05
1765 86 3.54926e-05
1775 75 3.09529e-05
1785 98 4.04451e-05
1795 72 2.97147e-05
1805 69 2.84766e-05
1815 68 2.80639e-05
1825 67 2.76512e-05
1835 79 3.26037e-05
1845 49 2.02225e-05
1855 63 2.60004e-05
1865 49 2.02225e-05
1875 61 2.5175e-05
1885 37 1.52701e-05
1895 47 1.93971e-05
1905 34 1.4032e-05
1915 42 1.73336e-05
1925 52 2.14606e-05
1935 38 1.56828e-05
1945 34 1.4032e-05
1955 39 1.60955e-05
1965 27 1.1143e-05
1975 30 1.23811e-05
1985 40 1.65082e-05
1995 27 1.1143e-05
2005 20 8.25409e-06
2015 26 1.07303e-05
2025 20 8.25409e-06
2035 21 8.6668e-06
2045 21 8.6668e-06
2055 14 5.77787e-06
2065 16 6.60328e-06
2075 8 3.30164e-06
2085 20 8.25409e-06
2095 12 4.95246e-06
2105 15 6.19057e-06
2115 20 8.25409e-06
2125 13 5.36516e-06
2135 14 5.77787e-06
2145 13 5.36516e-06
2155 9 3.71434e-06
2165 11 4.53975e-06
2175 10 4.12705e-06
2185 8 3.30164e-06
2195 5 2.06352e-06
2205 6 2.47623e-06
2215 9 3.71434e-06
2225 8 3.30164e-06
2235 12 4.95246e-06
2245 8 3.30164e-06
2255 6 2.47623e-06
2265 3 1.23811e-06
2275 5 2.06352e-06
2285 6 2.47623e-06
2295 5 2.06352e-06
2305 0 0
2315 3 1.23811e-06
2325 2 8.25409e-07
2335 6 2.47623e-06
2345 2 8.25409e-07
2355 2 8.25409e-07
2365 1 4.12705e-07
2375 2 8.25409e-07
2385 1 4.12705e-07
2395 0 0
2405 2 8.25409e-07
2415 2 8.25409e-07
2425 2 8.25409e-07
2435 2 8.25409e-07
2445 0 0
2455 5 2.06352e-06
2465 1 4.12705e-07
2475 0 0
2485 1 4.12705e-07
2495 0 0
2505 2 8.25409e-07
2515 1 4.12705e-07
2525 1 4.12705e-07
2535 0 0
2545 1 4.12705e-07
2555 0 0
2565 0 0
2575 1 4.12705e-07
2585 0 0
2595 0 0
2605 0 0
2615 1 4.12705e-07
2625 0 0
2635 0 0
2645 0 0
