-2645 0 0
-2635 0 0
-2625 0 0
-2615 0 0
-2605 0 0
-2595 0 0
-2585 0 0
-2575 0 0
-2565 0 0
-2555 0 0
-2545 0 0
-2535 0 0
-2525 0 0
-2515 0 0
-2505 0 0
-2495 0 0
-2485 0 0
-2475 0 0
-2465 0 0
-2455 0 0
-2445 0 0
-2435 0 0
-2425 0 0
-2415 0 0
-2405 0 0
-2395 0 0
-2385 0 0
-2375 0 0
-2365 0 0
-2355 0 0
-2345 0 0
-2335 0 0
-2325 0 0
-2315 0 0
-2305 0 0
-2295 1 4.15749e-07
-2285 0 0
-2275 0 0
-2265 2 8.31497e-07
-2255 0 0
-2245 1 4.15749e-07
-2235 0 0
-2225 0 0
-2215 0 0
-2205 2 8.31497e-07
-2195 1 4.15749e-07
-2185 1 4.15749e-07
-2175 1 4.15749e-07
-2165 1 4.15749e-07
-2155 1 4.15749e-07
-2145 2 8.31497e-07
-2135 1 4.15749e-07
-2125 2 8.31497e-07
-2115 2 8.31497e-07
-2105 3 1.24725e-06
-2095 4 1.66299e-06
-2085 1 4.15749e-07
-2075 1 4.15749e-07
-2065 4 1.66299e-06
-2055 4 1.66299e-06
-2045 0 0
-2035 2 8.31497e-07
-2025 2 8.31497e-07
-2015 1 4.15749e-07
-2005 6 2.49449e-06
-1995 1 4.15749e-07
-1985 2 8.31497e-07
-1975 3 1.24725e-06
-1965 6 2.49449e-06
-1955 4 1.66299e-06
-1945 2 8.31497e-07
-1935 4 1.66299e-06
-1925 2 8.31497e-07
-1915 5 2.07874e-06
-1905 4 1.66299e-06
-1895 5 2.07874e-06
-1885 12 4.98898e-06
-1875 9 3.74174e-06
-1865 4 1.66299e-06
-1855 4 1.66299e-06
-1845 5 2.07874e-06
-1835 8 3.32599e-06
-1825 13 5.40473e-06
-1815 5 2.07874e-06
-1805 7 2.91024e-06
-1795 12 4.98898e-06
-1785 12 4.98898e-06
-1775 12 4.98898e-06
-1765 19 7.89922e-06
-1755 14 5.82048e-06
-1745 11 4.57323e-06
-1735 20 8.31497e-06
-1725 16 6.65198e-06
-1715 11 4.57323e-06
-1705 20 8.31497e-06
-1695 14 5.82048e-06
-1685 21 8.73072e-06
-1675 30 1.24725e-05
-1665 18 7.48347e-06
-1655 17 7.06773e-06
-1645 17 7.06773e-06
-1635 28 1.1641e-05
-1625 19 7.89922e-06
-1615 27 1.12252e-05
-1605 32 1.3304e-05
-1595 20 8.31497e-06
-1585 29 1.20567e-05
-1575 35 1.45512e-05
-1565 42 1.74614e-05
-1555 33 1.37197e-05
-1545 55 2.28662e-05
-1535 41 1.70457e-05
-1525 35 1.45512e-05
-1515 56 2.32819e-05
-1505 47 1.95402e-05
-1495 47 1.95402e-05
-1485 46 1.91244e-05
-1475 56 2.32819e-05
-1465 53 2.20347e-05
-1455 66 2.74394e-05
-1445 58 2.41134e-05
-1435 64 2.66079e-05
-1425 67 2.78552e-05
-1415 60 2.49449e-05
-1405 66 2.74394e-05
-1395 82 3.40914e-05
-1385 79 3.28441e-05
-1375 93 3.86646e-05
-1365 75 3.11811e-05
-1355 80 3.32599e-05
-1345 102 4.24064e-05
-1335 85 3.53386e-05
-1325 112 4.65638e-05
-1315 98 4.07434e-05
-1305 116 4.82268e-05
-1295 150 6.23623e-05
-1285 144 5.98678e-05
-1275 117 4.86426e-05
-1265 131 5.44631e-05
-1255 140 5.82048e-05
-1245 140 5.82048e-05
-1235 152 6.31938e-05
-1225 136 5.65418e-05
-1215 141 5.86205e-05
-1205 174 7.23402e-05
-1195 160 6.65198e-05
-1185 159 6.6104e-05
-1175 188 7.81607e-05
-1165 169 7.02615e-05
-1155 202 8.39812e-05
-1145 213 8.85544e-05
-1135 204 8.48127e-05
-1125 207 8.606e-05
-1115 233 9.68694e-05
-1105 252 0.000104769
-1095 253 0.000105184
-1085 256 0.000106432
-1075 281 0.000116825
-1065 277 0.000115162
-1055 289 0.000120151
-1045 304 0.000126388
-1035 292 0.000121399
-1025 286 0.000118904
-1015 322 0.000133871
-1005 366 0.000152164
-995 365 0.000151748
-985 325 0.000135118
-975 384 0.000159647
-965 371 0.000154243
-955 396 0.000164636
-945 400 0.000166299
-935 426 0.000177109
-925 458 0.000190413
-915 464 0.000192907
-905 453 0.000188334
-895 480 0.000199559
-885 508 0.0002112
-875 542 0.000225336
-865 559 0.000232403
-855 552 0.000229493
-845 565 0.000234898
-835 573 0.000238224
-825 590 0.000245292
-815 565 0.000234898
-805 580 0.000241134
-795 622 0.000258596
-785 635 0.000264
-775 664 0.000276057
-765 664 0.000276057
-755 736 0.000305991
-745 700 0.000291024
-735 727 0.000302249
-725 728 0.000302665
-715 762 0.0003168
-705 768 0.000319295
-695 769 0.000319711
-685 852 0.000354218
-675 791 0.000328857
-665 870 0.000361701
-655 865 0.000359623
-645 826 0.000343408
-635 933 0.000387893
-625 875 0.00036378
-615 947 0.000393714
-605 961 0.000399534
-595 980 0.000407434
-585 952 0.000395793
-575 1122 0.00046647
-565 1062 0.000441525
-555 1089 0.00045275
-545 1092 0.000453997
-535 1043 0.000433626
-525 1076 0.000447345
-515 1185 0.000492662
-505 1192 0.000495572
-495 1192 0.000495572
-485 1206 0.000501393
-475 1234 0.000513034
-465 1209 0.00050264
-455 1225 0.000509292
-445 1261 0.000524259
-435 1285 0.000534237
-425 1254 0.000521349
-415 1332 0.000553777
-405 1366 0.000567913
-395 1353 0.000562508
-385 1381 0.000574149
-375 1432 0.000595352
-365 1405 0.000584127
-355 1417 0.000589116
-345 1425 0.000592442
-335 1466 0.000609487
-325 1451 0.000603251
-315 1396 0.000580385
-305 1497 0.000622376
-295 1551 0.000644826
-285 1571 0.000653141
-275 1543 0.0006415
-265 1544 0.000641916
-255 1516 0.000630275
-245 1568 0.000651894
-235 1500 0.000623623
-225 1568 0.000651894
-215 1553 0.000645658
-205 1630 0.00067767
-195 1609 0.000668939
-185 1596 0.000663535
-175 1664 0.000691806
-165 1703 0.00070802
-155 1672 0.000695132
-145 1681 0.000698873
-135 1669 0.000693884
-125 1716 0.000713425
-115 1618 0.000672681
-105 1682 0.000699289
-95 1710 0.00071093
-85 1718 0.000714256
-75 1749 0.000727144
-65 1788 0.000743358
-55 1757 0.00073047
-45 1690 0.000702615
-35 1671 0.000694716
-25 1704 0.000708436
-15 1754 0.000729223
-5 1823 0.00075791
5 1729 0.000718829
15 1771 0.000736291
25 1687 0.000701368
35 1803 0.000749595
45 1700 0.000706773
55 1765 0.000733796
65 1738 0.000722571
75 1735 0.000721324
85 1751 0.000727976
95 1713 0.000712177
105 1690 0.000702615
115 1681 0.000698873
125 1673 0.000695547
135 1685 0.000700536
145 1658 0.000689311
155 1678 0.000697626
165 1666 0.000692637
175 1573 0.000653972
185 1631 0.000678086
195 1651 0.000686401
205 1633 0.000678917
215 1687 0.000701368
225 1591 0.000661456
235 1555 0.000646489
245 1642 0.000682659
255 1460 0.000606993
265 1521 0.000632354
275 1528 0.000635264
285 1451 0.000603251
295 1520 0.000631938
305 1517 0.000630691
315 1467 0.000609903
325 1495 0.000621544
335 1501 0.000624039
345 1539 0.000639837
355 1369 0.00056916
365 1451 0.000603251
375 1346 0.000559598
385 1389 0.000577475
395 1357 0.000564171
405 1332 0.000553777
415 1325 0.000550867
425 1313 0.000545878
435 1254 0.000521349
445 1240 0.000515528
455 1242 0.00051636
465 1252 0.000520517
475 1242 0.00051636
485 1196 0.000497235
495 1141 0.000474369
505 1111 0.000461897
515 1141 0.000474369
525 1139 0.000473538
535 1106 0.000459818
545 1089 0.00045275
555 1033 0.000429468
565 1043 0.000433626
575 957 0.000397871
585 960 0.000399119
595 939 0.000390388
605 1001 0.000416164
615 965 0.000401197
625 894 0.000371679
635 871 0.000362117
645 885 0.000367937
655 865 0.000359623
665 881 0.000366274
675 784 0.000325947
685 856 0.000355881
695 808 0.000335925
705 787 0.000327194
715 806 0.000335093
725 752 0.000312643
735 734 0.000305159
745 681 0.000283125
755 691 0.000287282
765 633 0.000263169
775 648 0.000269405
785 625 0.000259843
795 656 0.000272731
805 602 0.000250281
815 569 0.000236561
825 630 0.000261922
835 543 0.000225751
845 545 0.000226583
855 535 0.000222425
865 509 0.000211616
875 519 0.000215774
885 487 0.00020247
895 487 0.00020247
905 474 0.000197065
915 436 0.000181266
925 454 0.00018875
935 432 0.000179603
945 380 0.000157984
955 383 0.000159232
965 397 0.000165052
975 381 0.0001584
985 386 0.000160479
995 379 0.000157569
1005 327 0.00013595
1015 339 0.000140939
1025 336 0.000139692
1035 316 0.000131377
1045 307 0.000127635
1055 310 0.000128882
1065 305 0.000126803
1075 268 0.000111421
1085 269 0.000111836
1095 237 9.85324e-05
1105 231 9.60379e-05
1115 234 9.72852e-05
1125 188 7.81607e-05
1135 194 8.06552e-05
1145 229 9.52064e-05
1155 196 8.14867e-05
1165 178 7.40032e-05
1175 177 7.35875e-05
1185 181 7.52505e-05
1195 161 6.69355e-05
1205 156 6.48568e-05
1215 170 7.06773e-05
1225 167 6.943e-05
1235 133 5.52946e-05
1245 148 6.15308e-05
1255 124 5.15528e-05
1265 154 6.40253e-05
1275 116 4.82268e-05
1285 117 4.86426e-05
1295 134 5.57103e-05
1305 116 4.82268e-05
1315 115 4.78111e-05
1325 113 4.69796e-05
1335 105 4.36536e-05
1345 105 4.36536e-05
1355 84 3.49229e-05
1365 99 4.11591e-05
1375 71 2.95181e-05
1385 71 2.95181e-05
1395 69 2.86867e-05
1405 78 3.24284e-05
1415 70 2.91024e-05
1425 65 2.70237e-05
1435 73 3.03496e-05
1445 64 2.66079e-05
1455 56 2.32819e-05
1465 56 2.32819e-05
1475 55 2.28662e-05
1485 47 1.95402e-05
1495 51 2.12032e-05
1505 50 2.07874e-05
1515 42 1.74614e-05
1525 42 1.74614e-05
1535 40 1.66299e-05
1545 46 1.91244e-05
1555 29 1.20567e-05
1565 39 1.62142e-05
1575 30 1.24725e-05
1585 20 8.31497e-06
1595 32 1.3304e-05
1605 18 7.48347e-06
1615 31 1.28882e-05
1625 25 1.03937e-05
1635 27 1.12252e-05
1645 26 1.08095e-05
1655 28 1.1641e-05
1665 17 7.06773e-06
1675 16 6.65198e-06
1685 19 7.89922e-06
1695 19 7.89922e-06
1705 20 8.31497e-06
1715 7 2.91024e-06
1725 13 5.40473e-06
1735 15 6.23623e-06
1745 13 5.40473e-06
1755 10 4.15749e-06
1765 7 2.91024e-06
1775 8 3.32599e-06
1785 9 3.74174e-06
1795 8 3.32599e-06
1805 8 3.32599e-06
1815 8 3.32599e-06
1825 8 3.32599e-06
1835 7 2.91024e-06
1845 5 2.07874e-06
1855 8 3.32599e-06
1865 3 1.24725e-06
1875 5 2.07874e-06
1885 6 2.49449e-06
1895 4 1.66299e-06
1905 6 2.49449e-06
1915 6 2.49449e-06
1925 3 1.24725e-06
1935 2 8.31497e-07
1945 3 1.24725e-06
1955 2 8.31497e-07
1965 7 2.91024e-06
1975 5 2.07874e-06
1985 1 4.15749e-07
1995 2 8.31497e-07
2005 3 1.24725e-06
2015 0 0
2025 0 0
2035 1 4.15749e-07
2045 2 8.31497e-07
2055 0 0
2065 1 4.15749e-07
2075 2 8.31497e-07
2085 2 8.31497e-07
2095 1 4.15749e-07
2105 2 8.31497e-07
2115 0 0
2125 3 1.24725e-06
2135 0 0
2145 0 0
2155 4 1.66299e-06
2165 0 0
2175 0 0
2185 0 0
2195 1 4.15749e-07
2205 0 0
2215 0 0
2225 1 4.15749e-07
2235 0 0
2245 0 0
2255 0 0
2265 0 0
2275 0 0
2285 0 0
2295 0 0
2305 1 4.15749e-07
2315 1 4.15749e-07
2325 1 4.15749e-07
2335 0 0
2345 0 0
2355 0 0
2365 0 0
2375 0 0
2385 1 4.15749e-07
2395 0 0
2405 0 0
2415 0 0
2425 0 0
2435 0 0
2445 0 0
2455 0 0
2465 0 0
2475 0 0
2485 0 0
2495 0 0
2505 0 0
2515 0 0
2525 0 0
2535 0 0
2545 0 0
2555 0 0
2565 0 0
2575 0 0
2585 0 0
2595 0 0
2605 0 0
2615 0 0
2625 0 0
2635 0 0
2645 0 0
