5 40 1.65097e-05
15 114 4.70527e-05
25 211 8.70888e-05
35 298 0.000122997
45 326 0.000134554
55 472 0.000194815
65 501 0.000206784
75 580 0.000239391
85 643 0.000265394
95 757 0.000312446
105 808 0.000333496
115 839 0.000346291
125 938 0.000387153
135 966 0.00039871
145 1055 0.000435444
155 1151 0.000475067
165 1263 0.000521294
175 1317 0.000543583
185 1386 0.000572062
195 1425 0.000588159
205 1487 0.000613749
215 1519 0.000626957
225 1712 0.000706616
235 1704 0.000703314
245 1780 0.000734683
255 1826 0.000753669
265 1838 0.000758622
275 1854 0.000765226
285 1973 0.000814342
295 1952 0.000805674
305 2061 0.000850663
315 2102 0.000867586
325 2172 0.000896478
335 2153 0.000888636
345 2199 0.000907622
355 2181 0.000900193
365 2361 0.000974486
375 2279 0.000940641
385 2381 0.000982741
395 2383 0.000983567
405 2402 0.000991409
415 2473 0.00102071
425 2480 0.0010236
435 2564 0.00105827
445 2591 0.00106942
455 2622 0.00108221
465 2534 0.00104589
475 2556 0.00105497
485 2628 0.00108469
495 2602 0.00107396
505 2685 0.00110822
515 2667 0.00110079
525 2624 0.00108304
535 2625 0.00108345
545 2623 0.00108262
555 2596 0.00107148
565 2559 0.00105621
575 2614 0.00107891
585 2638 0.00108882
595 2624 0.00108304
605 2548 0.00105167
615 2640 0.00108964
625 2619 0.00108097
635 2489 0.00102732
645 2623 0.00108262
655 2507 0.00103475
665 2532 0.00104507
675 2494 0.00102938
685 2500 0.00103186
695 2514 0.00103764
705 2396 0.000988932
715 2456 0.0010137
725 2416 0.000997187
735 2477 0.00102236
745 2382 0.000983154
755 2414 0.000996362
765 2321 0.000957977
775 2228 0.000919591
785 2312 0.000954262
795 2255 0.000930736
805 2165 0.000893589
815 2252 0.000929497
825 2087 0.000861395
835 2116 0.000873364
845 2034 0.000839519
855 2061 0.000850663
865 2059 0.000849838
875 2012 0.000830439
885 1911 0.000788752
895 1946 0.000803198
905 1841 0.00075986
915 1908 0.000787514
925 1825 0.000753256
935 1811 0.000747478
945 1726 0.000712394
955 1748 0.000721475
965 1660 0.000685153
975 1658 0.000684328
985 1592 0.000657087
995 1631 0.000673184
1005 1595 0.000658325
1015 1550 0.000639752
1025 1473 0.00060797
1035 1492 0.000615813
1045 1394 0.000575364
1055 1338 0.00055225
1065 1304 0.000538217
1075 1279 0.000527898
1085 1298 0.00053574
1095 1257 0.000518818
1105 1228 0.000506848
1115 1160 0.000478782
1125 1137 0.000469289
1135 1068 0.00044081
1145 1069 0.000441222
1155 1087 0.000448652
1165 1011 0.000417283
1175 1006 0.000415219
1185 892 0.000368167
1195 935 0.000385915
1205 882 0.000364039
1215 858 0.000354134
1225 862 0.000355784
1235 837 0.000345466
1245 812 0.000335147
1255 756 0.000312034
1265 741 0.000305843
1275 719 0.000296762
1285 731 0.000301715
1295 699 0.000288507
1305 650 0.000268283
1315 675 0.000278602
1325 575 0.000237327
1335 592 0.000244344
1345 566 0.000233613
1355 568 0.000234438
1365 542 0.000223707
1375 520 0.000214626
1385 502 0.000207197
1395 461 0.000190275
1405 483 0.000199355
1415 465 0.000191926
1425 423 0.00017459
1435 401 0.00016551
1445 360 0.000148587
1455 371 0.000153128
1465 344 0.000141984
1475 320 0.000132078
1485 363 0.000149826
1495 335 0.000138269
1505 293 0.000120934
1515 276 0.000113917
1525 268 0.000110615
1535 285 0.000117632
1545 275 0.000113504
1555 247 0.000101948
1565 232 9.57564e-05
1575 236 9.74074e-05
1585 235 9.69946e-05
1595 197 8.13104e-05
1605 188 7.75957e-05
1615 184 7.59447e-05
1625 174 7.18173e-05
1635 191 7.88339e-05
1645 159 6.56261e-05
1655 123 5.07674e-05
1665 157 6.48007e-05
1675 132 5.44821e-05
1685 126 5.20056e-05
1695 117 4.82909e-05
1705 123 5.07674e-05
1715 120 4.95292e-05
1725 128 5.28311e-05
1735 107 4.41635e-05
1745 107 4.41635e-05
1755 90 3.71469e-05
1765 82 3.38449e-05
1775 77 3.17812e-05
1785 82 3.38449e-05
1795 72 2.97175e-05
1805 81 3.34322e-05
1815 68 2.80665e-05
1825 78 3.2194e-05
1835 66 2.7241e-05
1845 66 2.7241e-05
1855 72 2.97175e-05
1865 52 2.14626e-05
1875 52 2.14626e-05
1885 48 1.98117e-05
1895 48 1.98117e-05
1905 40 1.65097e-05
1915 42 1.73352e-05
1925 41 1.69225e-05
1935 29 1.19695e-05
1945 33 1.36205e-05
1955 26 1.07313e-05
1965 34 1.40333e-05
1975 33 1.36205e-05
1985 30 1.23823e-05
1995 32 1.32078e-05
2005 27 1.11441e-05
2015 28 1.15568e-05
2025 15 6.19115e-06
2035 19 7.84212e-06
2045 16 6.60389e-06
2055 28 1.15568e-05
2065 14 5.7784e-06
2075 16 6.60389e-06
2085 13 5.36566e-06
2095 15 6.19115e-06
2105 13 5.36566e-06
2115 12 4.95292e-06
2125 8 3.30194e-06
2135 18 7.42937e-06
2145 8 3.30194e-06
2155 9 3.71469e-06
2165 7 2.8892e-06
2175 12 4.95292e-06
2185 4 1.65097e-06
2195 6 2.47646e-06
2205 4 1.65097e-06
2215 4 1.65097e-06
2225 4 1.65097e-06
2235 6 2.47646e-06
2245 8 3.30194e-06
2255 5 2.06372e-06
2265 7 2.8892e-06
2275 7 2.8892e-06
2285 2 8.25486e-07
2295 6 2.47646e-06
2305 1 4.12743e-07
2315 5 2.06372e-06
2325 4 1.65097e-06
2335 3 1.23823e-06
2345 2 8.25486e-07
2355 1 4.12743e-07
2365 0 0
2375 3 1.23823e-06
2385 1 4.12743e-07
2395 1 4.12743e-07
2405 2 8.25486e-07
2415 0 0
2425 1 4.12743e-07
2435 2 8.25486e-07
2445 0 0
2455 1 4.12743e-07
2465 0 0
2475 2 8.25486e-07
2485 1 4.12743e-07
2495 1 4.12743e-07
2505 2 8.25486e-07
2515 0 0
2525 1 4.12743e-07
2535 3 1.23823e-06
2545 0 0
2555 1 4.12743e-07
2565 0 0
2575 0 0
2585 1 4.12743e-07
2595 0 0
2605 1 4.12743e-07
2615 0 0
2625 0 0
2635 0 0
2645 1 4.12743e-07
