-2645 0 0
-2635 0 0
-2625 0 0
-2615 0 0
-2605 0 0
-2595 0 0
-2585 0 0
-2575 0 0
-2565 0 0
-2555 0 0
-2545 0 0
-2535 0 0
-2525 0 0
-2515 0 0
-2505 0 0
-2495 1 4.15745e-07
-2485 0 0
-2475 0 0
-2465 0 0
-2455 0 0
-2445 0 0
-2435 0 0
-2425 0 0
-2415 0 0
-2405 0 0
-2395 0 0
-2385 0 0
-2375 0 0
-2365 1 4.15745e-07
-2355 0 0
-2345 1 4.15745e-07
-2335 0 0
-2325 1 4.15745e-07
-2315 0 0
-2305 1 4.15745e-07
-2295 1 4.15745e-07
-2285 1 4.15745e-07
-2275 1 4.15745e-07
-2265 0 0
-2255 1 4.15745e-07
-2245 0 0
-2235 1 4.15745e-07
-2225 0 0
-2215 0 0
-2205 0 0
-2195 0 0
-2185 0 0
-2175 0 0
-2165 0 0
-2155 0 0
-2145 1 4.15745e-07
-2135 1 4.15745e-07
-2125 0 0
-2115 0 0
-2105 7 2.91022e-06
-2095 0 0
-2085 2 8.3149e-07
-2075 0 0
-2065 1 4.15745e-07
-2055 3 1.24724e-06
-2045 2 8.3149e-07
-2035 4 1.66298e-06
-2025 1 4.15745e-07
-2015 1 4.15745e-07
-2005 5 2.07873e-06
-1995 6 2.49447e-06
-1985 6 2.49447e-06
-1975 7 2.91022e-06
-1965 2 8.3149e-07
-1955 5 2.07873e-06
-1945 6 2.49447e-06
-1935 7 2.91022e-06
-1925 8 3.32596e-06
-1915 4 1.66298e-06
-1905 7 2.91022e-06
-1895 7 2.91022e-06
-1885 8 3.32596e-06
-1875 10 4.15745e-06
-1865 7 2.91022e-06
-1855 9 3.74171e-06
-1845 8 3.32596e-06
-1835 5 2.07873e-06
-1825 13 5.40469e-06
-1815 10 4.15745e-06
-1805 7 2.91022e-06
-1795 14 5.82043e-06
-1785 12 4.98894e-06
-1775 10 4.15745e-06
-1765 8 3.32596e-06
-1755 4 1.66298e-06
-1745 12 4.98894e-06
-1735 16 6.65192e-06
-1725 13 5.40469e-06
-1715 14 5.82043e-06
-1705 20 8.3149e-06
-1695 9 3.74171e-06
-1685 15 6.23618e-06
-1675 23 9.56214e-06
-1665 17 7.06767e-06
-1655 21 8.73065e-06
-1645 17 7.06767e-06
-1635 22 9.14639e-06
-1625 22 9.14639e-06
-1615 29 1.20566e-05
-1605 35 1.45511e-05
-1595 31 1.28881e-05
-1585 26 1.08094e-05
-1575 37 1.53826e-05
-1565 33 1.37196e-05
-1555 40 1.66298e-05
-1545 35 1.45511e-05
-1535 38 1.57983e-05
-1525 31 1.28881e-05
-1515 42 1.74613e-05
-1505 47 1.954e-05
-1495 44 1.82928e-05
-1485 51 2.1203e-05
-1475 41 1.70455e-05
-1465 62 2.57762e-05
-1455 47 1.954e-05
-1445 61 2.53605e-05
-1435 65 2.70234e-05
-1425 59 2.4529e-05
-1415 64 2.66077e-05
-1405 77 3.20124e-05
-1395 64 2.66077e-05
-1385 72 2.99336e-05
-1375 73 3.03494e-05
-1365 84 3.49226e-05
-1355 94 3.908e-05
-1345 97 4.03273e-05
-1335 83 3.45068e-05
-1325 119 4.94737e-05
-1315 89 3.70013e-05
-1305 109 4.53162e-05
-1295 107 4.44847e-05
-1285 140 5.82043e-05
-1275 151 6.27775e-05
-1265 136 5.65413e-05
-1255 129 5.36311e-05
-1245 131 5.44626e-05
-1235 150 6.23618e-05
-1225 157 6.5272e-05
-1215 147 6.11145e-05
-1205 181 7.52499e-05
-1195 189 7.85758e-05
-1185 160 6.65192e-05
-1175 197 8.19018e-05
-1165 212 8.8138e-05
-1155 207 8.60592e-05
-1145 192 7.98231e-05
-1135 215 8.93852e-05
-1125 199 8.27333e-05
-1115 224 9.31269e-05
-1105 242 0.00010061
-1095 257 0.000106846
-1085 255 0.000106015
-1075 278 0.000115577
-1065 286 0.000118903
-1055 283 0.000117656
-1045 295 0.000122645
-1035 297 0.000123476
-1025 299 0.000124308
-1015 334 0.000138859
-1005 362 0.0001505
-995 318 0.000132207
-985 347 0.000144264
-975 362 0.0001505
-965 396 0.000164635
-955 418 0.000173781
-945 421 0.000175029
-935 446 0.000185422
-925 433 0.000180018
-915 478 0.000198726
-905 466 0.000193737
-895 491 0.000204131
-885 501 0.000208288
-875 482 0.000200389
-865 495 0.000205794
-855 485 0.000201636
-845 544 0.000226165
-835 551 0.000229076
-825 589 0.000244874
-815 558 0.000231986
-805 650 0.000270234
-795 591 0.000245705
-785 642 0.000266908
-775 618 0.00025693
-765 684 0.00028437
-755 681 0.000283122
-745 694 0.000288527
-735 708 0.000294348
-725 755 0.000313888
-715 782 0.000325113
-705 787 0.000327191
-695 802 0.000333428
-685 790 0.000328439
-675 871 0.000362114
-665 830 0.000345068
-655 879 0.00036544
-645 923 0.000383733
-635 921 0.000382901
-625 909 0.000377912
-615 935 0.000388722
-605 943 0.000392048
-595 980 0.00040743
-585 996 0.000414082
-575 1038 0.000431543
-565 1076 0.000447342
-555 1004 0.000417408
-545 1062 0.000441521
-535 1104 0.000458983
-525 1091 0.000453578
-515 1133 0.000471039
-505 1119 0.000465219
-495 1141 0.000474365
-485 1174 0.000488085
-475 1215 0.00050513
-465 1186 0.000493074
-455 1290 0.000536311
-445 1258 0.000523007
-435 1248 0.00051885
-425 1323 0.000550031
-415 1356 0.00056375
-405 1277 0.000530906
-395 1335 0.00055502
-385 1320 0.000548784
-375 1384 0.000575391
-365 1444 0.000600336
-355 1461 0.000607404
-345 1407 0.000584953
-335 1441 0.000599089
-325 1404 0.000583706
-315 1522 0.000632764
-305 1549 0.000643989
-295 1499 0.000623202
-285 1579 0.000656462
-275 1543 0.000641495
-265 1576 0.000655214
-255 1512 0.000628607
-245 1551 0.000644821
-235 1588 0.000660203
-225 1593 0.000662282
-215 1665 0.000692216
-205 1643 0.000683069
-195 1640 0.000681822
-185 1569 0.000652304
-175 1594 0.000662698
-165 1676 0.000696789
-155 1682 0.000699283
-145 1704 0.00070843
-135 1652 0.000686811
-125 1728 0.000718408
-115 1717 0.000713834
-105 1736 0.000721733
-95 1786 0.000742521
-85 1652 0.000686811
-75 1699 0.000706351
-65 1706 0.000709261
-55 1686 0.000700946
-45 1716 0.000713419
-35 1701 0.000707182
-25 1755 0.000729633
-15 1727 0.000717992
-5 1771 0.000736285
5 1777 0.000738779
15 1740 0.000723396
25 1812 0.00075333
35 1788 0.000743352
45 1763 0.000732959
55 1740 0.000723396
65 1823 0.000757903
75 1677 0.000697205
85 1707 0.000709677
95 1656 0.000688474
105 1608 0.000668518
115 1721 0.000715497
125 1655 0.000688058
135 1669 0.000693879
145 1703 0.000708014
155 1687 0.000701362
165 1639 0.000681406
175 1681 0.000698868
185 1635 0.000679743
195 1622 0.000674339
205 1650 0.000685979
215 1634 0.000679327
225 1581 0.000657293
235 1542 0.000641079
245 1536 0.000638584
255 1571 0.000653136
265 1529 0.000635674
275 1555 0.000646484
285 1502 0.000624449
295 1448 0.000601999
305 1445 0.000600752
315 1509 0.000627359
325 1516 0.00063027
335 1477 0.000614056
345 1490 0.00061946
355 1385 0.000575807
365 1462 0.000607819
375 1384 0.000575391
385 1324 0.000550447
395 1389 0.00057747
405 1298 0.000539637
415 1304 0.000542132
425 1260 0.000523839
435 1266 0.000526333
445 1243 0.000516771
455 1219 0.000506793
465 1284 0.000533817
475 1209 0.000502636
485 1173 0.000487669
495 1194 0.0004964
505 1083 0.000450252
515 1179 0.000490163
525 1156 0.000480601
535 1079 0.000448589
545 1070 0.000444847
555 1057 0.000439443
565 1048 0.000435701
575 1007 0.000418655
585 968 0.000402441
595 965 0.000401194
605 993 0.000412835
615 909 0.000377912
625 944 0.000392463
635 925 0.000384564
645 885 0.000367934
655 832 0.0003459
665 893 0.00037126
675 841 0.000349642
685 810 0.000336754
695 817 0.000339664
705 813 0.000338001
715 751 0.000312225
725 756 0.000314303
735 716 0.000297673
745 701 0.000291437
755 710 0.000295179
765 633 0.000263167
775 656 0.000272729
785 653 0.000271482
795 585 0.000243211
805 593 0.000246537
815 581 0.000241548
825 607 0.000252357
835 548 0.000227828
845 542 0.000225334
855 558 0.000231986
865 531 0.000220761
875 482 0.000200389
885 499 0.000207457
895 508 0.000211199
905 498 0.000207041
915 446 0.000185422
925 458 0.000190411
935 431 0.000179186
945 407 0.000169208
955 400 0.000166298
965 381 0.000158399
975 413 0.000171703
985 354 0.000147174
995 372 0.000154657
1005 350 0.000145511
1015 323 0.000134286
1025 323 0.000134286
1035 291 0.000120982
1045 324 0.000134701
1055 289 0.00012015
1065 271 0.000112667
1075 281 0.000116824
1085 271 0.000112667
1095 252 0.000104768
1105 233 9.68686e-05
1115 220 9.14639e-05
1125 213 8.85537e-05
1135 223 9.27112e-05
1145 210 8.73065e-05
1155 240 9.97788e-05
1165 192 7.98231e-05
1175 195 8.10703e-05
1185 174 7.23396e-05
1195 183 7.60814e-05
1205 164 6.81822e-05
1215 154 6.40247e-05
1225 171 7.10924e-05
1235 145 6.0283e-05
1245 138 5.73728e-05
1255 141 5.86201e-05
1265 145 6.0283e-05
1275 119 4.94737e-05
1285 130 5.40469e-05
1295 99 4.11588e-05
1305 125 5.19681e-05
1315 110 4.5732e-05
1325 109 4.53162e-05
1335 104 4.32375e-05
1345 95 3.94958e-05
1355 100 4.15745e-05
1365 78 3.24281e-05
1375 84 3.49226e-05
1385 74 3.07651e-05
1395 74 3.07651e-05
1405 73 3.03494e-05
1415 65 2.70234e-05
1425 65 2.70234e-05
1435 60 2.49447e-05
1445 57 2.36975e-05
1455 59 2.4529e-05
1465 45 1.87085e-05
1475 59 2.4529e-05
1485 52 2.16187e-05
1495 39 1.62141e-05
1505 49 2.03715e-05
1515 41 1.70455e-05
1525 42 1.74613e-05
1535 50 2.07873e-05
1545 38 1.57983e-05
1555 34 1.41353e-05
1565 35 1.45511e-05
1575 30 1.24724e-05
1585 31 1.28881e-05
1595 25 1.03936e-05
1605 43 1.7877e-05
1615 26 1.08094e-05
1625 26 1.08094e-05
1635 22 9.14639e-06
1645 22 9.14639e-06
1655 15 6.23618e-06
1665 16 6.65192e-06
1675 22 9.14639e-06
1685 16 6.65192e-06
1695 18 7.48341e-06
1705 23 9.56214e-06
1715 14 5.82043e-06
1725 22 9.14639e-06
1735 13 5.40469e-06
1745 17 7.06767e-06
1755 12 4.98894e-06
1765 7 2.91022e-06
1775 11 4.5732e-06
1785 13 5.40469e-06
1795 9 3.74171e-06
1805 3 1.24724e-06
1815 14 5.82043e-06
1825 9 3.74171e-06
1835 3 1.24724e-06
1845 8 3.32596e-06
1855 6 2.49447e-06
1865 8 3.32596e-06
1875 6 2.49447e-06
1885 4 1.66298e-06
1895 4 1.66298e-06
1905 5 2.07873e-06
1915 6 2.49447e-06
1925 5 2.07873e-06
1935 5 2.07873e-06
1945 3 1.24724e-06
1955 0 0
1965 6 2.49447e-06
1975 2 8.3149e-07
1985 4 1.66298e-06
1995 3 1.24724e-06
2005 3 1.24724e-06
2015 5 2.07873e-06
2025 1 4.15745e-07
2035 2 8.3149e-07
2045 1 4.15745e-07
2055 3 1.24724e-06
2065 2 8.3149e-07
2075 3 1.24724e-06
2085 4 1.66298e-06
2095 2 8.3149e-07
2105 0 0
2115 0 0
2125 1 4.15745e-07
2135 3 1.24724e-06
2145 1 4.15745e-07
2155 1 4.15745e-07
2165 0 0
2175 2 8.3149e-07
2185 0 0
2195 0 0
2205 0 0
2215 0 0
2225 1 4.15745e-07
2235 2 8.3149e-07
2245 2 8.3149e-07
2255 1 4.15745e-07
2265 0 0
2275 0 0
2285 1 4.15745e-07
2295 0 0
2305 0 0
2315 0 0
2325 0 0
2335 0 0
2345 0 0
2355 0 0
2365 0 0
2375 0 0
2385 0 0
2395 0 0
2405 1 4.15745e-07
2415 0 0
2425 0 0
2435 0 0
2445 0 0
2455 0 0
2465 0 0
2475 0 0
2485 0 0
2495 0 0
2505 0 0
2515 0 0
2525 0 0
2535 0 0
2545 0 0
2555 0 0
2565 0 0
2575 1 4.15745e-07
2585 0 0
2595 0 0
2605 0 0
2615 0 0
2625 0 0
2635 0 0
2645 0 0
