0.1 0.751447 0.959321 0.121378 0.426261
0.3 0.698078 0.879667 0.121378 0.426261
0.5 0.63059 0.792593 0.121378 0.426261
0.7 0.5442 0.652782 0.121378 0.426261
0.9 0.708309 0.515809 0.121378 0.426261
1.1 0.469542 0.474066 0.121378 0.426261
1.3 0.411075 0.310826 0.121378 0.426261
1.5 0.383404 0.348186 0.121378 0.426261
1.7 0.346733 0.247444 0.121378 0.426261
1.9 0.330126 0.105655 0.121378 0.426261
2.1 0.304791 0.310081 0.121378 0.426261
2.3 0.30278 0.226757 0.121378 0.426261
2.5 0.287016 0.4342 0.121378 0.426261
2.7 0.281741 0.0776375 0.121378 0.426261
2.9 0.284955 0.752608 0.121378 0.426261
3.1 0.292432 -0.500744 0.121378 0.426261
3.3 0.259164 1.70886 0.121378 0.426261
3.5 0.289155 -1.0823 0.121378 0.426261
3.7 0.261072 -2.11141 0.121378 0.426261
3.9 0.285719 3.41501 0.121378 0.426261
