5 3 4.53892e-05
15 10 0.000151297
25 9 0.000136168
35 12 0.000181557
45 22 0.000332854
55 31 0.000469022
65 36 0.000544671
75 25 0.000378243
85 34 0.000514411
95 39 0.00059006
105 50 0.000756487
115 52 0.000786746
125 61 0.000922914
135 40 0.000605189
145 57 0.000862395
155 73 0.00110447
165 65 0.000983433
175 77 0.00116499
185 78 0.00118012
195 91 0.00137681
205 85 0.00128603
215 83 0.00125577
225 98 0.00148271
235 88 0.00133142
245 90 0.00136168
255 99 0.00149784
265 110 0.00166427
275 110 0.00166427
285 86 0.00130116
295 106 0.00160375
305 105 0.00158862
315 99 0.00149784
325 85 0.00128603
335 89 0.00134655
345 126 0.00190635
355 95 0.00143733
365 119 0.00180044
375 109 0.00164914
385 127 0.00192148
395 117 0.00177018
405 99 0.00149784
415 125 0.00189122
425 115 0.00173992
435 106 0.00160375
445 106 0.00160375
455 111 0.0016794
465 106 0.00160375
475 104 0.00157349
485 104 0.00157349
495 108 0.00163401
505 101 0.0015281
515 103 0.00155836
525 109 0.00164914
535 89 0.00134655
545 78 0.00118012
555 82 0.00124064
565 87 0.00131629
575 80 0.00121038
585 96 0.00145245
595 68 0.00102882
605 78 0.00118012
615 68 0.00102882
625 76 0.00114986
635 72 0.00108934
645 71 0.00107421
655 67 0.00101369
665 58 0.000877525
675 70 0.00105908
685 45 0.000680838
695 64 0.000968303
705 46 0.000695968
715 42 0.000635449
725 45 0.000680838
735 41 0.000620319
745 52 0.000786746
755 46 0.000695968
765 47 0.000711098
775 44 0.000665708
785 46 0.000695968
795 42 0.000635449
805 41 0.000620319
815 38 0.00057493
825 26 0.000393373
835 38 0.00057493
845 29 0.000438762
855 19 0.000287465
865 29 0.000438762
875 29 0.000438762
885 23 0.000347984
895 22 0.000332854
905 28 0.000423633
915 30 0.000453892
925 19 0.000287465
935 19 0.000287465
945 22 0.000332854
955 17 0.000257206
965 16 0.000242076
975 9 0.000136168
985 11 0.000166427
995 14 0.000211816
1005 11 0.000166427
1015 10 0.000151297
1025 10 0.000151297
1035 10 0.000151297
1045 10 0.000151297
1055 8 0.000121038
1065 9 0.000136168
1075 5 7.56487e-05
1085 8 0.000121038
1095 3 4.53892e-05
1105 5 7.56487e-05
1115 4 6.05189e-05
1125 6 9.07784e-05
1135 6 9.07784e-05
1145 3 4.53892e-05
1155 2 3.02595e-05
1165 4 6.05189e-05
1175 4 6.05189e-05
1185 1 1.51297e-05
1195 2 3.02595e-05
1205 0 0
1215 0 0
1225 2 3.02595e-05
1235 4 6.05189e-05
1245 3 4.53892e-05
1255 0 0
1265 2 3.02595e-05
1275 2 3.02595e-05
1285 2 3.02595e-05
1295 0 0
1305 2 3.02595e-05
1315 0 0
1325 0 0
1335 1 1.51297e-05
1345 0 0
1355 1 1.51297e-05
1365 1 1.51297e-05
1375 3 4.53892e-05
1385 0 0
1395 0 0
1405 0 0
1415 0 0
1425 0 0
1435 0 0
1445 0 0
1455 0 0
1465 0 0
1475 0 0
1485 0 0
1495 0 0
1505 0 0
1515 0 0
1525 0 0
1535 0 0
1545 0 0
1555 0 0
1565 0 0
1575 0 0
1585 0 0
1595 0 0
1605 0 0
1615 0 0
1625 0 0
1635 0 0
1645 0 0
1655 0 0
1665 0 0
1675 0 0
1685 0 0
1695 0 0
1705 0 0
1715 0 0
1725 0 0
1735 0 0
1745 0 0
1755 0 0
1765 0 0
1775 0 0
1785 0 0
1795 0 0
1805 0 0
1815 0 0
1825 0 0
1835 0 0
1845 0 0
1855 0 0
1865 0 0
1875 0 0
1885 0 0
1895 0 0
1905 0 0
1915 0 0
1925 0 0
1935 0 0
1945 0 0
1955 0 0
1965 0 0
1975 0 0
1985 0 0
1995 0 0
2005 0 0
2015 0 0
2025 0 0
2035 0 0
2045 0 0
2055 0 0
2065 0 0
2075 0 0
2085 0 0
2095 0 0
2105 0 0
2115 0 0
2125 0 0
2135 0 0
2145 0 0
2155 0 0
2165 0 0
2175 0 0
2185 0 0
2195 0 0
2205 0 0
2215 0 0
2225 0 0
2235 0 0
2245 0 0
2255 0 0
2265 0 0
2275 0 0
2285 0 0
2295 0 0
2305 0 0
2315 0 0
2325 0 0
2335 0 0
2345 0 0
2355 0 0
2365 0 0
2375 0 0
2385 0 0
2395 0 0
2405 0 0
2415 0 0
2425 0 0
2435 0 0
2445 0 0
2455 0 0
2465 0 0
2475 0 0
2485 0 0
2495 0 0
2505 0 0
2515 0 0
2525 0 0
2535 0 0
2545 0 0
2555 0 0
2565 0 0
2575 0 0
2585 0 0
2595 0 0
2605 0 0
2615 0 0
2625 0 0
2635 0 0
2645 0 0
