-2645 0 0
-2635 0 0
-2625 0 0
-2615 0 0
-2605 0 0
-2595 0 0
-2585 0 0
-2575 0 0
-2565 0 0
-2555 0 0
-2545 0 0
-2535 0 0
-2525 0 0
-2515 0 0
-2505 0 0
-2495 0 0
-2485 0 0
-2475 0 0
-2465 0 0
-2455 0 0
-2445 0 0
-2435 0 0
-2425 0 0
-2415 0 0
-2405 0 0
-2395 0 0
-2385 0 0
-2375 0 0
-2365 0 0
-2355 0 0
-2345 0 0
-2335 0 0
-2325 0 0
-2315 0 0
-2305 0 0
-2295 0 0
-2285 0 0
-2275 0 0
-2265 0 0
-2255 0 0
-2245 0 0
-2235 0 0
-2225 0 0
-2215 0 0
-2205 0 0
-2195 0 0
-2185 0 0
-2175 0 0
-2165 0 0
-2155 0 0
-2145 0 0
-2135 0 0
-2125 0 0
-2115 0 0
-2105 0 0
-2095 0 0
-2085 0 0
-2075 0 0
-2065 0 0
-2055 0 0
-2045 0 0
-2035 0 0
-2025 0 0
-2015 0 0
-2005 0 0
-1995 0 0
-1985 0 0
-1975 0 0
-1965 0 0
-1955 0 0
-1945 0 0
-1935 0 0
-1925 0 0
-1915 0 0
-1905 0 0
-1895 0 0
-1885 0 0
-1875 0 0
-1865 0 0
-1855 0 0
-1845 0 0
-1835 0 0
-1825 0 0
-1815 0 0
-1805 0 0
-1795 0 0
-1785 0 0
-1775 0 0
-1765 0 0
-1755 0 0
-1745 0 0
-1735 0 0
-1725 0 0
-1715 0 0
-1705 0 0
-1695 0 0
-1685 0 0
-1675 0 0
-1665 0 0
-1655 0 0
-1645 0 0
-1635 0 0
-1625 0 0
-1615 0 0
-1605 0 0
-1595 0 0
-1585 0 0
-1575 0 0
-1565 0 0
-1555 0 0
-1545 0 0
-1535 0 0
-1525 0 0
-1515 0 0
-1505 0 0
-1495 0 0
-1485 0 0
-1475 0 0
-1465 0 0
-1455 0 0
-1445 0 0
-1435 0 0
-1425 0 0
-1415 0 0
-1405 0 0
-1395 0 0
-1385 0 0
-1375 0 0
-1365 0 0
-1355 0 0
-1345 0 0
-1335 1 4.42126e-06
-1325 0 0
-1315 0 0
-1305 1 4.42126e-06
-1295 1 4.42126e-06
-1285 0 0
-1275 0 0
-1265 1 4.42126e-06
-1255 0 0
-1245 0 0
-1235 0 0
-1225 0 0
-1215 0 0
-1205 0 0
-1195 0 0
-1185 0 0
-1175 0 0
-1165 0 0
-1155 0 0
-1145 1 4.42126e-06
-1135 0 0
-1125 0 0
-1115 0 0
-1105 0 0
-1095 0 0
-1085 1 4.42126e-06
-1075 0 0
-1065 0 0
-1055 3 1.32638e-05
-1045 2 8.84251e-06
-1035 0 0
-1025 2 8.84251e-06
-1015 1 4.42126e-06
-1005 3 1.32638e-05
-995 3 1.32638e-05
-985 0 0
-975 3 1.32638e-05
-965 4 1.7685e-05
-955 1 4.42126e-06
-945 5 2.21063e-05
-935 3 1.32638e-05
-925 1 4.42126e-06
-915 3 1.32638e-05
-905 5 2.21063e-05
-895 7 3.09488e-05
-885 4 1.7685e-05
-875 5 2.21063e-05
-865 6 2.65275e-05
-855 3 1.32638e-05
-845 5 2.21063e-05
-835 4 1.7685e-05
-825 7 3.09488e-05
-815 8 3.53701e-05
-805 9 3.97913e-05
-795 10 4.42126e-05
-785 5 2.21063e-05
-775 10 4.42126e-05
-765 15 6.63189e-05
-755 7 3.09488e-05
-745 17 7.51614e-05
-735 15 6.63189e-05
-725 20 8.84251e-05
-715 26 0.000114953
-705 20 8.84251e-05
-695 14 6.18976e-05
-685 21 9.28464e-05
-675 21 9.28464e-05
-665 36 0.000159165
-655 38 0.000168008
-645 36 0.000159165
-635 33 0.000145901
-625 30 0.000132638
-615 43 0.000190114
-605 42 0.000185693
-595 52 0.000229905
-585 45 0.000198957
-575 41 0.000181272
-565 60 0.000265275
-555 62 0.000274118
-545 42 0.000185693
-535 73 0.000322752
-525 76 0.000336016
-515 70 0.000309488
-505 65 0.000287382
-495 90 0.000397913
-485 101 0.000446547
-475 107 0.000473075
-465 81 0.000358122
-455 100 0.000442126
-445 104 0.000459811
-435 100 0.000442126
-425 127 0.0005615
-415 134 0.000592448
-405 105 0.000464232
-395 109 0.000481917
-385 125 0.000552657
-375 125 0.000552657
-365 125 0.000552657
-355 137 0.000605712
-345 124 0.000548236
-335 140 0.000618976
-325 145 0.000641082
-315 146 0.000645504
-305 153 0.000676452
-295 159 0.00070298
-285 151 0.00066761
-275 170 0.000751614
-265 162 0.000716244
-255 181 0.000800248
-245 171 0.000756035
-235 174 0.000769299
-225 187 0.000826775
-215 210 0.000928464
-205 219 0.000968255
-195 177 0.000782563
-185 200 0.000884251
-175 221 0.000977098
-165 194 0.000857724
-155 218 0.000963834
-145 203 0.000897515
-135 220 0.000972677
-125 190 0.000840039
-115 238 0.00105226
-105 246 0.00108763
-95 222 0.000981519
-85 253 0.00111858
-75 238 0.00105226
-65 302 0.00133522
-55 268 0.0011849
-45 261 0.00115395
-35 276 0.00122027
-25 269 0.00118932
-15 274 0.00121142
-5 291 0.00128659
5 289 0.00127774
15 304 0.00134406
25 297 0.00131311
35 282 0.00124679
45 290 0.00128216
55 324 0.00143249
65 298 0.00131753
75 329 0.00145459
85 298 0.00131753
95 284 0.00125564
105 295 0.00130427
115 275 0.00121585
125 277 0.00122469
135 258 0.00114068
145 282 0.00124679
155 259 0.00114511
165 281 0.00124237
175 225 0.000994783
185 274 0.00121142
195 251 0.00110974
205 225 0.000994783
215 224 0.000990362
225 228 0.00100805
235 241 0.00106552
245 195 0.000862145
255 194 0.000857724
265 187 0.000826775
275 200 0.000884251
285 180 0.000795826
295 188 0.000831196
305 187 0.000826775
315 179 0.000791405
325 189 0.000835618
335 165 0.000729507
345 179 0.000791405
355 162 0.000716244
365 165 0.000729507
375 151 0.00066761
385 139 0.000614555
395 148 0.000654346
405 163 0.000720665
415 151 0.00066761
425 154 0.000680874
435 141 0.000623397
445 133 0.000588027
455 160 0.000707401
465 150 0.000663189
475 115 0.000508445
485 117 0.000517287
495 109 0.000481917
505 106 0.000468653
515 115 0.000508445
525 117 0.000517287
535 93 0.000411177
545 95 0.000420019
555 86 0.000380228
565 79 0.000349279
575 83 0.000366964
585 92 0.000406756
595 76 0.000336016
605 65 0.000287382
615 76 0.000336016
625 61 0.000269697
635 63 0.000278539
645 59 0.000260854
655 67 0.000296224
665 49 0.000216642
675 36 0.000159165
685 48 0.00021222
695 41 0.000181272
705 40 0.00017685
715 30 0.000132638
725 30 0.000132638
735 45 0.000198957
745 40 0.00017685
755 24 0.00010611
765 31 0.000137059
775 19 8.40039e-05
785 24 0.00010611
795 27 0.000119374
805 17 7.51614e-05
815 20 8.84251e-05
825 11 4.86338e-05
835 15 6.63189e-05
845 12 5.30551e-05
855 8 3.53701e-05
865 20 8.84251e-05
875 11 4.86338e-05
885 9 3.97913e-05
895 8 3.53701e-05
905 7 3.09488e-05
915 10 4.42126e-05
925 7 3.09488e-05
935 7 3.09488e-05
945 10 4.42126e-05
955 11 4.86338e-05
965 3 1.32638e-05
975 1 4.42126e-06
985 5 2.21063e-05
995 5 2.21063e-05
1005 6 2.65275e-05
1015 0 0
1025 0 0
1035 3 1.32638e-05
1045 1 4.42126e-06
1055 2 8.84251e-06
1065 1 4.42126e-06
1075 2 8.84251e-06
1085 0 0
1095 2 8.84251e-06
1105 2 8.84251e-06
1115 0 0
1125 0 0
1135 2 8.84251e-06
1145 1 4.42126e-06
1155 1 4.42126e-06
1165 1 4.42126e-06
1175 0 0
1185 1 4.42126e-06
1195 0 0
1205 2 8.84251e-06
1215 2 8.84251e-06
1225 0 0
1235 1 4.42126e-06
1245 0 0
1255 0 0
1265 1 4.42126e-06
1275 0 0
1285 0 0
1295 0 0
1305 0 0
1315 0 0
1325 0 0
1335 0 0
1345 0 0
1355 0 0
1365 0 0
1375 0 0
1385 0 0
1395 0 0
1405 1 4.42126e-06
1415 0 0
1425 0 0
1435 0 0
1445 0 0
1455 0 0
1465 0 0
1475 0 0
1485 0 0
1495 0 0
1505 0 0
1515 0 0
1525 0 0
1535 0 0
1545 0 0
1555 0 0
1565 0 0
1575 0 0
1585 0 0
1595 0 0
1605 0 0
1615 0 0
1625 0 0
1635 0 0
1645 0 0
1655 0 0
1665 0 0
1675 0 0
1685 0 0
1695 0 0
1705 0 0
1715 0 0
1725 0 0
1735 0 0
1745 0 0
1755 0 0
1765 0 0
1775 0 0
1785 0 0
1795 0 0
1805 0 0
1815 0 0
1825 0 0
1835 0 0
1845 0 0
1855 0 0
1865 0 0
1875 0 0
1885 0 0
1895 0 0
1905 0 0
1915 0 0
1925 0 0
1935 0 0
1945 0 0
1955 0 0
1965 0 0
1975 0 0
1985 0 0
1995 0 0
2005 0 0
2015 0 0
2025 0 0
2035 0 0
2045 0 0
2055 0 0
2065 0 0
2075 0 0
2085 0 0
2095 0 0
2105 0 0
2115 0 0
2125 0 0
2135 0 0
2145 0 0
2155 0 0
2165 0 0
2175 0 0
2185 0 0
2195 0 0
2205 0 0
2215 0 0
2225 0 0
2235 0 0
2245 0 0
2255 0 0
2265 0 0
2275 0 0
2285 0 0
2295 0 0
2305 0 0
2315 0 0
2325 0 0
2335 0 0
2345 0 0
2355 0 0
2365 0 0
2375 0 0
2385 0 0
2395 0 0
2405 0 0
2415 0 0
2425 0 0
2435 0 0
2445 0 0
2455 0 0
2465 0 0
2475 0 0
2485 0 0
2495 0 0
2505 0 0
2515 0 0
2525 0 0
2535 0 0
2545 0 0
2555 0 0
2565 0 0
2575 0 0
2585 0 0
2595 0 0
2605 0 0
2615 0 0
2625 0 0
2635 0 0
2645 0 0
