-2645 0 0
-2635 0 0
-2625 0 0
-2615 0 0
-2605 0 0
-2595 0 0
-2585 0 0
-2575 0 0
-2565 0 0
-2555 0 0
-2545 0 0
-2535 0 0
-2525 0 0
-2515 0 0
-2505 0 0
-2495 0 0
-2485 0 0
-2475 0 0
-2465 0 0
-2455 0 0
-2445 0 0
-2435 0 0
-2425 0 0
-2415 0 0
-2405 0 0
-2395 0 0
-2385 0 0
-2375 0 0
-2365 0 0
-2355 0 0
-2345 0 0
-2335 0 0
-2325 0 0
-2315 0 0
-2305 0 0
-2295 0 0
-2285 0 0
-2275 0 0
-2265 0 0
-2255 0 0
-2245 0 0
-2235 0 0
-2225 0 0
-2215 0 0
-2205 0 0
-2195 0 0
-2185 0 0
-2175 0 0
-2165 0 0
-2155 0 0
-2145 0 0
-2135 0 0
-2125 0 0
-2115 0 0
-2105 0 0
-2095 0 0
-2085 0 0
-2075 0 0
-2065 0 0
-2055 0 0
-2045 0 0
-2035 0 0
-2025 0 0
-2015 0 0
-2005 0 0
-1995 0 0
-1985 0 0
-1975 0 0
-1965 0 0
-1955 0 0
-1945 0 0
-1935 0 0
-1925 0 0
-1915 0 0
-1905 0 0
-1895 0 0
-1885 0 0
-1875 0 0
-1865 0 0
-1855 0 0
-1845 0 0
-1835 0 0
-1825 0 0
-1815 0 0
-1805 0 0
-1795 0 0
-1785 0 0
-1775 0 0
-1765 0 0
-1755 0 0
-1745 0 0
-1735 0 0
-1725 0 0
-1715 0 0
-1705 0 0
-1695 0 0
-1685 0 0
-1675 0 0
-1665 0 0
-1655 0 0
-1645 0 0
-1635 0 0
-1625 0 0
-1615 0 0
-1605 0 0
-1595 0 0
-1585 0 0
-1575 0 0
-1565 0 0
-1555 0 0
-1545 0 0
-1535 0 0
-1525 0 0
-1515 0 0
-1505 0 0
-1495 0 0
-1485 0 0
-1475 0 0
-1465 0 0
-1455 0 0
-1445 0 0
-1435 0 0
-1425 0 0
-1415 0 0
-1405 0 0
-1395 0 0
-1385 0 0
-1375 0 0
-1365 0 0
-1355 0 0
-1345 0 0
-1335 0 0
-1325 0 0
-1315 0 0
-1305 0 0
-1295 0 0
-1285 0 0
-1275 0 0
-1265 0 0
-1255 0 0
-1245 0 0
-1235 0 0
-1225 0 0
-1215 0 0
-1205 0 0
-1195 0 0
-1185 0 0
-1175 0 0
-1165 0 0
-1155 0 0
-1145 0 0
-1135 0 0
-1125 0 0
-1115 0 0
-1105 1 7.7821e-06
-1095 0 0
-1085 0 0
-1075 0 0
-1065 0 0
-1055 0 0
-1045 0 0
-1035 0 0
-1025 0 0
-1015 0 0
-1005 0 0
-995 0 0
-985 0 0
-975 0 0
-965 0 0
-955 0 0
-945 0 0
-935 0 0
-925 0 0
-915 0 0
-905 1 7.7821e-06
-895 0 0
-885 0 0
-875 0 0
-865 0 0
-855 0 0
-845 0 0
-835 0 0
-825 0 0
-815 0 0
-805 0 0
-795 0 0
-785 0 0
-775 1 7.7821e-06
-765 1 7.7821e-06
-755 0 0
-745 1 7.7821e-06
-735 2 1.55642e-05
-725 0 0
-715 0 0
-705 1 7.7821e-06
-695 1 7.7821e-06
-685 0 0
-675 0 0
-665 1 7.7821e-06
-655 1 7.7821e-06
-645 0 0
-635 0 0
-625 2 1.55642e-05
-615 0 0
-605 0 0
-595 4 3.11284e-05
-585 1 7.7821e-06
-575 3 2.33463e-05
-565 0 0
-555 2 1.55642e-05
-545 1 7.7821e-06
-535 1 7.7821e-06
-525 0 0
-515 0 0
-505 3 2.33463e-05
-495 5 3.89105e-05
-485 4 3.11284e-05
-475 3 2.33463e-05
-465 2 1.55642e-05
-455 4 3.11284e-05
-445 6 4.66926e-05
-435 4 3.11284e-05
-425 3 2.33463e-05
-415 2 1.55642e-05
-405 6 4.66926e-05
-395 9 7.00389e-05
-385 3 2.33463e-05
-375 8 6.22568e-05
-365 6 4.66926e-05
-355 6 4.66926e-05
-345 6 4.66926e-05
-335 7 5.44747e-05
-325 7 5.44747e-05
-315 8 6.22568e-05
-305 12 9.33852e-05
-295 6 4.66926e-05
-285 11 8.56031e-05
-275 17 0.000132296
-265 8 6.22568e-05
-255 12 9.33852e-05
-245 17 0.000132296
-235 14 0.000108949
-225 21 0.000163424
-215 18 0.000140078
-205 27 0.000210117
-195 17 0.000132296
-185 36 0.000280156
-175 16 0.000124514
-165 19 0.00014786
-155 29 0.000225681
-145 19 0.00014786
-135 32 0.000249027
-125 32 0.000249027
-115 36 0.000280156
-105 37 0.000287938
-95 43 0.00033463
-85 43 0.00033463
-75 46 0.000357977
-65 41 0.000319066
-55 43 0.00033463
-45 57 0.00044358
-35 49 0.000381323
-25 63 0.000490272
-15 35 0.000272374
-5 45 0.000350195
5 65 0.000505837
15 72 0.000560311
25 66 0.000513619
35 67 0.000521401
45 66 0.000513619
55 67 0.000521401
65 80 0.000622568
75 95 0.0007393
85 78 0.000607004
95 104 0.000809339
105 84 0.000653696
115 89 0.000692607
125 99 0.000770428
135 105 0.000817121
145 104 0.000809339
155 97 0.000754864
165 104 0.000809339
175 110 0.000856031
185 112 0.000871595
195 124 0.000964981
205 101 0.000785992
215 102 0.000793774
225 97 0.000754864
235 118 0.000918288
245 119 0.00092607
255 133 0.00103502
265 112 0.000871595
275 126 0.000980545
285 120 0.000933852
295 127 0.000988327
305 141 0.00109728
315 126 0.000980545
325 131 0.00101946
335 125 0.000972763
345 116 0.000902724
355 122 0.000949416
365 149 0.00115953
375 142 0.00110506
385 139 0.00108171
395 148 0.00115175
405 161 0.00125292
415 161 0.00125292
425 158 0.00122957
435 150 0.00116732
445 159 0.00123735
455 160 0.00124514
465 145 0.0011284
475 134 0.0010428
485 149 0.00115953
495 158 0.00122957
505 156 0.00121401
515 177 0.00137743
525 192 0.00149416
535 147 0.00114397
545 164 0.00127626
555 153 0.00119066
565 160 0.00124514
575 171 0.00133074
585 166 0.00129183
595 185 0.00143969
605 166 0.00129183
615 171 0.00133074
625 146 0.00113619
635 167 0.00129961
645 146 0.00113619
655 146 0.00113619
665 121 0.000941634
675 159 0.00123735
685 123 0.000957198
695 136 0.00105837
705 124 0.000964981
715 141 0.00109728
725 134 0.0010428
735 109 0.000848249
745 112 0.000871595
755 97 0.000754864
765 118 0.000918288
775 110 0.000856031
785 106 0.000824903
795 97 0.000754864
805 85 0.000661479
815 84 0.000653696
825 67 0.000521401
835 98 0.000762646
845 87 0.000677043
855 67 0.000521401
865 58 0.000451362
875 79 0.000614786
885 62 0.00048249
895 56 0.000435798
905 52 0.000404669
915 56 0.000435798
925 41 0.000319066
935 47 0.000365759
945 56 0.000435798
955 45 0.000350195
965 32 0.000249027
975 42 0.000326848
985 48 0.000373541
995 31 0.000241245
1005 27 0.000210117
1015 31 0.000241245
1025 35 0.000272374
1035 34 0.000264591
1045 28 0.000217899
1055 31 0.000241245
1065 30 0.000233463
1075 22 0.000171206
1085 34 0.000264591
1095 24 0.00018677
1105 23 0.000178988
1115 19 0.00014786
1125 15 0.000116732
1135 15 0.000116732
1145 20 0.000155642
1155 11 8.56031e-05
1165 13 0.000101167
1175 8 6.22568e-05
1185 10 7.7821e-05
1195 11 8.56031e-05
1205 6 4.66926e-05
1215 10 7.7821e-05
1225 15 0.000116732
1235 6 4.66926e-05
1245 7 5.44747e-05
1255 10 7.7821e-05
1265 6 4.66926e-05
1275 7 5.44747e-05
1285 4 3.11284e-05
1295 10 7.7821e-05
1305 3 2.33463e-05
1315 6 4.66926e-05
1325 3 2.33463e-05
1335 1 7.7821e-06
1345 4 3.11284e-05
1355 0 0
1365 5 3.89105e-05
1375 2 1.55642e-05
1385 3 2.33463e-05
1395 0 0
1405 1 7.7821e-06
1415 1 7.7821e-06
1425 1 7.7821e-06
1435 1 7.7821e-06
1445 1 7.7821e-06
1455 0 0
1465 0 0
1475 0 0
1485 1 7.7821e-06
1495 1 7.7821e-06
1505 3 2.33463e-05
1515 1 7.7821e-06
1525 0 0
1535 1 7.7821e-06
1545 0 0
1555 1 7.7821e-06
1565 1 7.7821e-06
1575 0 0
1585 1 7.7821e-06
1595 1 7.7821e-06
1605 0 0
1615 0 0
1625 0 0
1635 0 0
1645 0 0
1655 0 0
1665 0 0
1675 1 7.7821e-06
1685 0 0
1695 0 0
1705 0 0
1715 1 7.7821e-06
1725 0 0
1735 0 0
1745 0 0
1755 0 0
1765 0 0
1775 0 0
1785 0 0
1795 0 0
1805 0 0
1815 0 0
1825 0 0
1835 0 0
1845 0 0
1855 0 0
1865 0 0
1875 0 0
1885 0 0
1895 0 0
1905 0 0
1915 0 0
1925 0 0
1935 0 0
1945 0 0
1955 0 0
1965 0 0
1975 0 0
1985 0 0
1995 0 0
2005 0 0
2015 0 0
2025 0 0
2035 0 0
2045 0 0
2055 0 0
2065 0 0
2075 0 0
2085 0 0
2095 0 0
2105 0 0
2115 0 0
2125 0 0
2135 0 0
2145 0 0
2155 0 0
2165 0 0
2175 0 0
2185 0 0
2195 0 0
2205 0 0
2215 0 0
2225 0 0
2235 0 0
2245 0 0
2255 0 0
2265 0 0
2275 0 0
2285 0 0
2295 0 0
2305 0 0
2315 0 0
2325 0 0
2335 0 0
2345 0 0
2355 0 0
2365 0 0
2375 0 0
2385 0 0
2395 0 0
2405 0 0
2415 0 0
2425 0 0
2435 0 0
2445 0 0
2455 0 0
2465 0 0
2475 0 0
2485 0 0
2495 0 0
2505 0 0
2515 0 0
2525 0 0
2535 0 0
2545 0 0
2555 0 0
2565 0 0
2575 0 0
2585 0 0
2595 0 0
2605 0 0
2615 0 0
2625 0 0
2635 0 0
2645 0 0
