-2645 0 0
-2635 0 0
-2625 0 0
-2615 0 0
-2605 0 0
-2595 0 0
-2585 0 0
-2575 0 0
-2565 0 0
-2555 0 0
-2545 0 0
-2535 0 0
-2525 0 0
-2515 0 0
-2505 0 0
-2495 0 0
-2485 0 0
-2475 0 0
-2465 0 0
-2455 0 0
-2445 0 0
-2435 0 0
-2425 0 0
-2415 0 0
-2405 0 0
-2395 0 0
-2385 0 0
-2375 0 0
-2365 0 0
-2355 0 0
-2345 0 0
-2335 0 0
-2325 0 0
-2315 0 0
-2305 0 0
-2295 0 0
-2285 0 0
-2275 0 0
-2265 0 0
-2255 0 0
-2245 0 0
-2235 0 0
-2225 0 0
-2215 0 0
-2205 0 0
-2195 0 0
-2185 0 0
-2175 0 0
-2165 0 0
-2155 0 0
-2145 0 0
-2135 0 0
-2125 0 0
-2115 0 0
-2105 0 0
-2095 0 0
-2085 0 0
-2075 0 0
-2065 0 0
-2055 0 0
-2045 0 0
-2035 0 0
-2025 0 0
-2015 0 0
-2005 0 0
-1995 0 0
-1985 0 0
-1975 0 0
-1965 0 0
-1955 0 0
-1945 0 0
-1935 0 0
-1925 0 0
-1915 0 0
-1905 0 0
-1895 0 0
-1885 0 0
-1875 0 0
-1865 0 0
-1855 0 0
-1845 0 0
-1835 0 0
-1825 0 0
-1815 0 0
-1805 0 0
-1795 0 0
-1785 0 0
-1775 0 0
-1765 0 0
-1755 0 0
-1745 0 0
-1735 0 0
-1725 0 0
-1715 0 0
-1705 0 0
-1695 0 0
-1685 0 0
-1675 0 0
-1665 0 0
-1655 0 0
-1645 0 0
-1635 0 0
-1625 0 0
-1615 0 0
-1605 0 0
-1595 0 0
-1585 0 0
-1575 0 0
-1565 0 0
-1555 0 0
-1545 0 0
-1535 0 0
-1525 0 0
-1515 0 0
-1505 0 0
-1495 0 0
-1485 0 0
-1475 0 0
-1465 0 0
-1455 0 0
-1445 0 0
-1435 0 0
-1425 0 0
-1415 0 0
-1405 0 0
-1395 0 0
-1385 0 0
-1375 0 0
-1365 0 0
-1355 0 0
-1345 0 0
-1335 0 0
-1325 0 0
-1315 0 0
-1305 0 0
-1295 0 0
-1285 0 0
-1275 0 0
-1265 0 0
-1255 0 0
-1245 0 0
-1235 0 0
-1225 0 0
-1215 0 0
-1205 0 0
-1195 0 0
-1185 0 0
-1175 0 0
-1165 0 0
-1155 0 0
-1145 0 0
-1135 0 0
-1125 0 0
-1115 0 0
-1105 0 0
-1095 0 0
-1085 0 0
-1075 0 0
-1065 0 0
-1055 0 0
-1045 0 0
-1035 0 0
-1025 1 5.2222e-06
-1015 0 0
-1005 0 0
-995 1 5.2222e-06
-985 0 0
-975 0 0
-965 0 0
-955 0 0
-945 0 0
-935 1 5.2222e-06
-925 0 0
-915 0 0
-905 2 1.04444e-05
-895 1 5.2222e-06
-885 0 0
-875 1 5.2222e-06
-865 1 5.2222e-06
-855 1 5.2222e-06
-845 0 0
-835 0 0
-825 1 5.2222e-06
-815 1 5.2222e-06
-805 1 5.2222e-06
-795 0 0
-785 2 1.04444e-05
-775 1 5.2222e-06
-765 1 5.2222e-06
-755 2 1.04444e-05
-745 3 1.56666e-05
-735 1 5.2222e-06
-725 2 1.04444e-05
-715 1 5.2222e-06
-705 2 1.04444e-05
-695 7 3.65554e-05
-685 5 2.6111e-05
-675 10 5.2222e-05
-665 5 2.6111e-05
-655 6 3.13332e-05
-645 4 2.08888e-05
-635 7 3.65554e-05
-625 4 2.08888e-05
-615 8 4.17776e-05
-605 5 2.6111e-05
-595 7 3.65554e-05
-585 10 5.2222e-05
-575 10 5.2222e-05
-565 7 3.65554e-05
-555 18 9.39997e-05
-545 12 6.26665e-05
-535 15 7.83331e-05
-525 12 6.26665e-05
-515 11 5.74443e-05
-505 17 8.87775e-05
-495 19 9.92219e-05
-485 21 0.000109666
-475 22 0.000114889
-465 19 9.92219e-05
-455 26 0.000135777
-445 24 0.000125333
-435 27 0.000141
-425 26 0.000135777
-415 31 0.000161888
-405 47 0.000245444
-395 37 0.000193222
-385 33 0.000172333
-375 41 0.00021411
-365 34 0.000177555
-355 53 0.000276777
-345 46 0.000240221
-335 52 0.000271555
-325 52 0.000271555
-315 57 0.000297666
-305 64 0.000334221
-295 63 0.000328999
-285 75 0.000391665
-275 58 0.000302888
-265 89 0.000464776
-255 77 0.00040211
-245 89 0.000464776
-235 93 0.000485665
-225 91 0.000475221
-215 79 0.000412554
-205 93 0.000485665
-195 137 0.000715442
-185 135 0.000704998
-175 125 0.000652776
-165 111 0.000579665
-155 119 0.000621442
-145 105 0.000548332
-135 132 0.000689331
-125 127 0.00066322
-115 137 0.000715442
-105 147 0.000767664
-95 145 0.00075722
-85 135 0.000704998
-75 163 0.000851219
-65 149 0.000778109
-55 145 0.00075722
-45 171 0.000892997
-35 162 0.000845997
-25 151 0.000788553
-15 161 0.000840775
-5 159 0.000830331
5 173 0.000903441
15 159 0.000830331
25 177 0.00092433
35 189 0.000986997
45 204 0.00106533
55 195 0.00101833
65 211 0.00110189
75 178 0.000929552
85 189 0.000986997
95 204 0.00106533
105 196 0.00102355
115 211 0.00110189
125 200 0.00104444
135 216 0.001128
145 210 0.00109666
155 244 0.00127422
165 210 0.00109666
175 207 0.001081
185 225 0.001175
195 226 0.00118022
205 232 0.00121155
215 261 0.001363
225 223 0.00116455
235 216 0.001128
245 219 0.00114366
255 242 0.00126377
265 228 0.00119066
275 267 0.00139433
285 225 0.001175
295 248 0.00129511
305 264 0.00137866
315 252 0.001316
325 250 0.00130555
335 218 0.00113844
345 215 0.00112277
355 218 0.00113844
365 249 0.00130033
375 215 0.00112277
385 228 0.00119066
395 212 0.00110711
405 203 0.00106011
415 215 0.00112277
425 197 0.00102877
435 200 0.00104444
445 201 0.00104966
455 198 0.001034
465 201 0.00104966
475 175 0.000913886
485 163 0.000851219
495 157 0.000819886
505 146 0.000762442
515 160 0.000835553
525 161 0.000840775
535 169 0.000882553
545 146 0.000762442
555 130 0.000678887
565 145 0.00075722
575 118 0.00061622
585 120 0.000626665
595 123 0.000642331
605 106 0.000553554
615 115 0.000600554
625 121 0.000631887
635 118 0.00061622
645 111 0.000579665
655 86 0.00044911
665 96 0.000501332
675 91 0.000475221
685 116 0.000605776
695 94 0.000490887
705 102 0.000532665
715 83 0.000433443
725 85 0.000443887
735 87 0.000454332
745 66 0.000344666
755 80 0.000417776
765 75 0.000391665
775 63 0.000328999
785 69 0.000360332
795 60 0.000313332
805 56 0.000292443
815 56 0.000292443
825 43 0.000224555
835 50 0.00026111
845 48 0.000250666
855 51 0.000266332
865 33 0.000172333
875 43 0.000224555
885 43 0.000224555
895 37 0.000193222
905 30 0.000156666
915 34 0.000177555
925 28 0.000146222
935 24 0.000125333
945 20 0.000104444
955 27 0.000141
965 21 0.000109666
975 29 0.000151444
985 24 0.000125333
995 16 8.35553e-05
1005 12 6.26665e-05
1015 12 6.26665e-05
1025 12 6.26665e-05
1035 12 6.26665e-05
1045 15 7.83331e-05
1055 15 7.83331e-05
1065 12 6.26665e-05
1075 15 7.83331e-05
1085 8 4.17776e-05
1095 7 3.65554e-05
1105 5 2.6111e-05
1115 6 3.13332e-05
1125 6 3.13332e-05
1135 3 1.56666e-05
1145 1 5.2222e-06
1155 5 2.6111e-05
1165 2 1.04444e-05
1175 7 3.65554e-05
1185 5 2.6111e-05
1195 6 3.13332e-05
1205 3 1.56666e-05
1215 0 0
1225 1 5.2222e-06
1235 1 5.2222e-06
1245 0 0
1255 0 0
1265 2 1.04444e-05
1275 1 5.2222e-06
1285 0 0
1295 0 0
1305 0 0
1315 3 1.56666e-05
1325 0 0
1335 1 5.2222e-06
1345 0 0
1355 1 5.2222e-06
1365 1 5.2222e-06
1375 0 0
1385 0 0
1395 1 5.2222e-06
1405 0 0
1415 0 0
1425 0 0
1435 0 0
1445 1 5.2222e-06
1455 0 0
1465 0 0
1475 0 0
1485 1 5.2222e-06
1495 0 0
1505 0 0
1515 0 0
1525 0 0
1535 0 0
1545 0 0
1555 0 0
1565 0 0
1575 0 0
1585 0 0
1595 0 0
1605 0 0
1615 0 0
1625 0 0
1635 0 0
1645 0 0
1655 0 0
1665 0 0
1675 0 0
1685 0 0
1695 0 0
1705 0 0
1715 0 0
1725 0 0
1735 0 0
1745 0 0
1755 0 0
1765 0 0
1775 0 0
1785 0 0
1795 0 0
1805 0 0
1815 0 0
1825 0 0
1835 0 0
1845 0 0
1855 0 0
1865 0 0
1875 0 0
1885 0 0
1895 0 0
1905 0 0
1915 0 0
1925 0 0
1935 0 0
1945 0 0
1955 0 0
1965 0 0
1975 0 0
1985 0 0
1995 0 0
2005 0 0
2015 0 0
2025 0 0
2035 0 0
2045 0 0
2055 0 0
2065 0 0
2075 0 0
2085 0 0
2095 0 0
2105 0 0
2115 0 0
2125 0 0
2135 0 0
2145 0 0
2155 0 0
2165 0 0
2175 0 0
2185 0 0
2195 0 0
2205 0 0
2215 0 0
2225 0 0
2235 0 0
2245 0 0
2255 0 0
2265 0 0
2275 0 0
2285 0 0
2295 0 0
2305 0 0
2315 0 0
2325 0 0
2335 0 0
2345 0 0
2355 0 0
2365 0 0
2375 0 0
2385 0 0
2395 0 0
2405 0 0
2415 0 0
2425 0 0
2435 0 0
2445 0 0
2455 0 0
2465 0 0
2475 0 0
2485 0 0
2495 0 0
2505 0 0
2515 0 0
2525 0 0
2535 0 0
2545 0 0
2555 0 0
2565 0 0
2575 0 0
2585 0 0
2595 0 0
2605 0 0
2615 0 0
2625 0 0
2635 0 0
2645 0 0
