5 32 1.32074e-05
15 136 5.61315e-05
25 213 8.79119e-05
35 284 0.000117216
45 382 0.000157664
55 399 0.00016468
65 486 0.000200588
75 538 0.00022205
85 694 0.000286436
95 798 0.00032936
105 878 0.000362379
115 899 0.000371046
125 1004 0.000414383
135 1072 0.000442449
145 1161 0.000479182
155 1213 0.000500644
165 1344 0.000554712
175 1278 0.000527471
185 1473 0.000607954
195 1451 0.000598874
205 1586 0.000654593
215 1603 0.000661609
225 1760 0.000726408
235 1717 0.000708661
245 1809 0.000746632
255 1834 0.00075695
265 1895 0.000782127
275 1993 0.000822575
285 2095 0.000864673
295 2034 0.000839497
305 2117 0.000873754
315 2096 0.000865086
325 2142 0.000884072
335 2281 0.000941442
345 2305 0.000951347
355 2314 0.000955062
365 2304 0.000950934
375 2390 0.000986429
385 2426 0.00100129
395 2345 0.000967856
405 2472 0.00102027
415 2441 0.00100748
425 2550 0.00105247
435 2538 0.00104751
445 2532 0.00104504
455 2544 0.00104999
465 2589 0.00106856
475 2629 0.00108507
485 2627 0.00108425
495 2688 0.00110942
505 2688 0.00110942
515 2689 0.00110984
525 2655 0.0010958
535 2579 0.00106444
545 2685 0.00110819
555 2614 0.00107888
565 2639 0.0010892
575 2615 0.00107929
585 2646 0.00109209
595 2711 0.00111892
605 2593 0.00107021
615 2627 0.00108425
625 2662 0.00109869
635 2528 0.00104339
645 2580 0.00106485
655 2531 0.00104462
665 2575 0.00106278
675 2514 0.00103761
685 2433 0.00100418
695 2556 0.00105494
705 2417 0.000997573
715 2423 0.00100005
725 2365 0.000976111
735 2503 0.00103307
745 2383 0.00098354
755 2259 0.000932361
765 2309 0.000952998
775 2237 0.000923281
785 2233 0.00092163
795 2183 0.000900994
805 2129 0.000878706
815 2164 0.000893152
825 2102 0.000867563
835 2154 0.000889025
845 2054 0.000847751
855 2072 0.000855181
865 1957 0.000807716
875 1935 0.000798636
885 1953 0.000806066
895 1897 0.000782953
905 1811 0.000747458
915 1877 0.000774698
925 1759 0.000725996
935 1734 0.000715677
945 1722 0.000710724
955 1640 0.00067688
965 1655 0.000683071
975 1665 0.000687199
985 1481 0.000611256
995 1534 0.000633131
1005 1549 0.000639322
1015 1438 0.000593509
1025 1384 0.000571221
1035 1425 0.000588143
1045 1371 0.000565856
1055 1407 0.000580714
1065 1265 0.000522106
1075 1230 0.00050766
1085 1245 0.000513851
1095 1258 0.000519217
1105 1180 0.000487024
1115 1130 0.000466387
1125 1145 0.000472578
1135 1093 0.000451116
1145 1068 0.000440798
1155 1012 0.000417685
1165 942 0.000388794
1175 982 0.000405303
1185 992 0.00040943
1195 925 0.000381777
1205 849 0.000350409
1215 826 0.000340917
1225 840 0.000346695
1235 739 0.000305009
1245 811 0.000334726
1255 824 0.000340091
1265 727 0.000300056
1275 695 0.000286849
1285 704 0.000290563
1295 689 0.000284372
1305 657 0.000271165
1315 618 0.000255068
1325 619 0.000255481
1335 604 0.00024929
1345 559 0.000230717
1355 524 0.000216272
1365 468 0.000193159
1375 519 0.000214208
1385 460 0.000189857
1395 449 0.000185317
1405 457 0.000188619
1415 458 0.000189031
1425 366 0.00015106
1435 399 0.00016468
1445 382 0.000157664
1455 395 0.000163029
1465 340 0.000140329
1475 309 0.000127534
1485 318 0.000131249
1495 306 0.000126296
1505 288 0.000118867
1515 302 0.000124645
1525 270 0.000111438
1535 244 0.000100707
1545 260 0.00010731
1555 239 9.86429e-05
1565 229 9.45156e-05
1575 196 8.08955e-05
1585 197 8.13082e-05
1595 180 7.42918e-05
1605 195 8.04827e-05
1615 173 7.14026e-05
1625 175 7.22281e-05
1635 168 6.9339e-05
1645 183 7.55299e-05
1655 159 6.56244e-05
1665 121 4.99406e-05
1675 161 6.64498e-05
1685 153 6.3148e-05
1695 141 5.81952e-05
1705 130 5.36552e-05
1715 135 5.57188e-05
1725 102 4.20987e-05
1735 108 4.45751e-05
1745 89 3.67331e-05
1755 88 3.63204e-05
1765 61 2.51766e-05
1775 89 3.67331e-05
1785 80 3.30186e-05
1795 70 2.88912e-05
1805 58 2.39385e-05
1815 87 3.59077e-05
1825 63 2.60021e-05
1835 55 2.27003e-05
1845 59 2.43512e-05
1855 62 2.55894e-05
1865 48 1.98111e-05
1875 52 2.14621e-05
1885 46 1.89857e-05
1895 35 1.44456e-05
1905 36 1.48584e-05
1915 40 1.65093e-05
1925 37 1.52711e-05
1935 29 1.19692e-05
1945 35 1.44456e-05
1955 31 1.27947e-05
1965 27 1.11438e-05
1975 22 9.0801e-06
1985 22 9.0801e-06
1995 20 8.25464e-06
2005 29 1.19692e-05
2015 27 1.11438e-05
2025 12 4.95278e-06
2035 16 6.60371e-06
2045 16 6.60371e-06
2055 20 8.25464e-06
2065 17 7.01644e-06
2075 13 5.36552e-06
2085 15 6.19098e-06
2095 17 7.01644e-06
2105 10 4.12732e-06
2115 10 4.12732e-06
2125 12 4.95278e-06
2135 16 6.60371e-06
2145 11 4.54005e-06
2155 14 5.77825e-06
2165 9 3.71459e-06
2175 10 4.12732e-06
2185 7 2.88912e-06
2195 6 2.47639e-06
2205 7 2.88912e-06
2215 5 2.06366e-06
2225 4 1.65093e-06
2235 6 2.47639e-06
2245 7 2.88912e-06
2255 4 1.65093e-06
2265 5 2.06366e-06
2275 2 8.25464e-07
2285 3 1.2382e-06
2295 3 1.2382e-06
2305 4 1.65093e-06
2315 2 8.25464e-07
2325 5 2.06366e-06
2335 2 8.25464e-07
2345 6 2.47639e-06
2355 4 1.65093e-06
2365 1 4.12732e-07
2375 1 4.12732e-07
2385 3 1.2382e-06
2395 3 1.2382e-06
2405 2 8.25464e-07
2415 1 4.12732e-07
2425 2 8.25464e-07
2435 1 4.12732e-07
2445 3 1.2382e-06
2455 1 4.12732e-07
2465 1 4.12732e-07
2475 0 0
2485 0 0
2495 1 4.12732e-07
2505 2 8.25464e-07
2515 2 8.25464e-07
2525 0 0
2535 1 4.12732e-07
2545 0 0
2555 0 0
2565 1 4.12732e-07
2575 0 0
2585 1 4.12732e-07
2595 0 0
2605 0 0
2615 1 4.12732e-07
2625 0 0
2635 0 0
2645 0 0
