5 0 0
15 0 0
25 1 9.7078e-06
35 1 9.7078e-06
45 1 9.7078e-06
55 5 4.8539e-05
65 3 2.91234e-05
75 6 5.82468e-05
85 3 2.91234e-05
95 5 4.8539e-05
105 7 6.79546e-05
115 5 4.8539e-05
125 6 5.82468e-05
135 7 6.79546e-05
145 4 3.88312e-05
155 11 0.000106786
165 7 6.79546e-05
175 4 3.88312e-05
185 6 5.82468e-05
195 5 4.8539e-05
205 12 0.000116494
215 10 9.7078e-05
225 12 0.000116494
235 12 0.000116494
245 17 0.000165033
255 11 0.000106786
265 11 0.000106786
275 13 0.000126201
285 9 8.73702e-05
295 7 6.79546e-05
305 9 8.73702e-05
315 19 0.000184448
325 19 0.000184448
335 16 0.000155325
345 16 0.000155325
355 13 0.000126201
365 26 0.000252403
375 10 9.7078e-05
385 18 0.00017474
395 25 0.000242695
405 24 0.000232987
415 19 0.000184448
425 29 0.000281526
435 17 0.000165033
445 29 0.000281526
455 26 0.000252403
465 22 0.000213571
475 27 0.00026211
485 25 0.000242695
495 38 0.000368896
505 25 0.000242695
515 35 0.000339773
525 49 0.000475682
535 34 0.000330065
545 41 0.00039802
555 50 0.00048539
565 39 0.000378604
575 54 0.000524221
585 47 0.000456266
595 47 0.000456266
605 55 0.000533929
615 55 0.000533929
625 46 0.000446559
635 56 0.000543637
645 56 0.000543637
655 54 0.000524221
665 60 0.000582468
675 60 0.000582468
685 63 0.000611591
695 75 0.000728085
705 79 0.000766916
715 84 0.000815455
725 88 0.000854286
735 76 0.000737792
745 81 0.000786331
755 73 0.000708669
765 79 0.000766916
775 92 0.000893117
785 91 0.000883409
795 77 0.0007475
805 92 0.000893117
815 93 0.000902825
825 101 0.000980487
835 101 0.000980487
845 91 0.000883409
855 102 0.000990195
865 100 0.00097078
875 112 0.00108727
885 98 0.000951364
895 93 0.000902825
905 112 0.00108727
915 113 0.00109698
925 126 0.00122318
935 106 0.00102903
945 105 0.00101932
955 133 0.00129114
965 106 0.00102903
975 118 0.00114552
985 127 0.00123289
995 125 0.00121347
1005 120 0.00116494
1015 110 0.00106786
1025 125 0.00121347
1035 129 0.00125231
1045 115 0.0011164
1055 131 0.00127172
1065 121 0.00117464
1075 119 0.00115523
1085 112 0.00108727
1095 121 0.00117464
1105 117 0.00113581
1115 117 0.00113581
1125 133 0.00129114
1135 132 0.00128143
1145 114 0.00110669
1155 124 0.00120377
1165 136 0.00132026
1175 124 0.00120377
1185 133 0.00129114
1195 103 0.000999903
1205 139 0.00134938
1215 122 0.00118435
1225 113 0.00109698
1235 100 0.00097078
1245 102 0.000990195
1255 103 0.000999903
1265 108 0.00104844
1275 89 0.000863994
1285 109 0.00105815
1295 92 0.000893117
1305 91 0.000883409
1315 101 0.000980487
1325 78 0.000757208
1335 99 0.000961072
1345 71 0.000689253
1355 93 0.000902825
1365 81 0.000786331
1375 75 0.000728085
1385 70 0.000679546
1395 72 0.000698961
1405 75 0.000728085
1415 51 0.000495098
1425 67 0.000650422
1435 66 0.000640714
1445 55 0.000533929
1455 45 0.000436851
1465 56 0.000543637
1475 56 0.000543637
1485 56 0.000543637
1495 58 0.000563052
1505 41 0.00039802
1515 41 0.00039802
1525 56 0.000543637
1535 49 0.000475682
1545 34 0.000330065
1555 25 0.000242695
1565 35 0.000339773
1575 23 0.000223279
1585 37 0.000359188
1595 32 0.000310649
1605 29 0.000281526
1615 17 0.000165033
1625 25 0.000242695
1635 29 0.000281526
1645 19 0.000184448
1655 21 0.000203864
1665 14 0.000135909
1675 22 0.000213571
1685 15 0.000145617
1695 18 0.00017474
1705 14 0.000135909
1715 14 0.000135909
1725 15 0.000145617
1735 11 0.000106786
1745 15 0.000145617
1755 9 8.73702e-05
1765 8 7.76624e-05
1775 7 6.79546e-05
1785 12 0.000116494
1795 8 7.76624e-05
1805 8 7.76624e-05
1815 7 6.79546e-05
1825 8 7.76624e-05
1835 9 8.73702e-05
1845 5 4.8539e-05
1855 3 2.91234e-05
1865 3 2.91234e-05
1875 1 9.7078e-06
1885 2 1.94156e-05
1895 1 9.7078e-06
1905 4 3.88312e-05
1915 1 9.7078e-06
1925 0 0
1935 1 9.7078e-06
1945 0 0
1955 3 2.91234e-05
1965 1 9.7078e-06
1975 1 9.7078e-06
1985 0 0
1995 2 1.94156e-05
2005 0 0
2015 1 9.7078e-06
2025 0 0
2035 1 9.7078e-06
2045 1 9.7078e-06
2055 1 9.7078e-06
2065 2 1.94156e-05
2075 1 9.7078e-06
2085 0 0
2095 0 0
2105 2 1.94156e-05
2115 0 0
2125 2 1.94156e-05
2135 0 0
2145 0 0
2155 0 0
2165 2 1.94156e-05
2175 0 0
2185 0 0
2195 1 9.7078e-06
2205 0 0
2215 0 0
2225 0 0
2235 0 0
2245 0 0
2255 0 0
2265 0 0
2275 0 0
2285 0 0
2295 0 0
2305 0 0
2315 0 0
2325 0 0
2335 0 0
2345 0 0
2355 0 0
2365 0 0
2375 0 0
2385 0 0
2395 0 0
2405 0 0
2415 0 0
2425 0 0
2435 0 0
2445 0 0
2455 0 0
2465 0 0
2475 0 0
2485 0 0
2495 0 0
2505 0 0
2515 0 0
2525 0 0
2535 0 0
2545 0 0
2555 0 0
2565 0 0
2575 0 0
2585 0 0
2595 0 0
2605 0 0
2615 0 0
2625 0 0
2635 0 0
2645 0 0
