-2645 0 0
-2635 0 0
-2625 0 0
-2615 0 0
-2605 0 0
-2595 0 0
-2585 0 0
-2575 0 0
-2565 0 0
-2555 0 0
-2545 0 0
-2535 0 0
-2525 0 0
-2515 0 0
-2505 0 0
-2495 0 0
-2485 0 0
-2475 0 0
-2465 0 0
-2455 0 0
-2445 0 0
-2435 0 0
-2425 0 0
-2415 0 0
-2405 0 0
-2395 0 0
-2385 0 0
-2375 0 0
-2365 0 0
-2355 0 0
-2345 0 0
-2335 0 0
-2325 0 0
-2315 0 0
-2305 0 0
-2295 0 0
-2285 0 0
-2275 0 0
-2265 0 0
-2255 0 0
-2245 0 0
-2235 0 0
-2225 0 0
-2215 0 0
-2205 0 0
-2195 0 0
-2185 0 0
-2175 0 0
-2165 0 0
-2155 0 0
-2145 0 0
-2135 0 0
-2125 0 0
-2115 0 0
-2105 0 0
-2095 0 0
-2085 0 0
-2075 0 0
-2065 0 0
-2055 0 0
-2045 0 0
-2035 0 0
-2025 0 0
-2015 0 0
-2005 0 0
-1995 0 0
-1985 0 0
-1975 0 0
-1965 0 0
-1955 0 0
-1945 0 0
-1935 0 0
-1925 0 0
-1915 0 0
-1905 0 0
-1895 0 0
-1885 0 0
-1875 0 0
-1865 0 0
-1855 0 0
-1845 0 0
-1835 0 0
-1825 0 0
-1815 0 0
-1805 0 0
-1795 0 0
-1785 0 0
-1775 0 0
-1765 0 0
-1755 0 0
-1745 0 0
-1735 0 0
-1725 0 0
-1715 0 0
-1705 0 0
-1695 0 0
-1685 0 0
-1675 0 0
-1665 0 0
-1655 0 0
-1645 0 0
-1635 0 0
-1625 0 0
-1615 0 0
-1605 0 0
-1595 0 0
-1585 0 0
-1575 0 0
-1565 0 0
-1555 0 0
-1545 0 0
-1535 0 0
-1525 0 0
-1515 0 0
-1505 0 0
-1495 0 0
-1485 0 0
-1475 0 0
-1465 0 0
-1455 0 0
-1445 0 0
-1435 0 0
-1425 0 0
-1415 0 0
-1405 0 0
-1395 0 0
-1385 0 0
-1375 0 0
-1365 0 0
-1355 0 0
-1345 0 0
-1335 0 0
-1325 0 0
-1315 0 0
-1305 0 0
-1295 0 0
-1285 0 0
-1275 0 0
-1265 0 0
-1255 0 0
-1245 0 0
-1235 0 0
-1225 0 0
-1215 0 0
-1205 0 0
-1195 0 0
-1185 0 0
-1175 0 0
-1165 0 0
-1155 0 0
-1145 0 0
-1135 0 0
-1125 0 0
-1115 0 0
-1105 0 0
-1095 0 0
-1085 0 0
-1075 0 0
-1065 0 0
-1055 0 0
-1045 0 0
-1035 0 0
-1025 0 0
-1015 0 0
-1005 0 0
-995 0 0
-985 0 0
-975 0 0
-965 0 0
-955 0 0
-945 0 0
-935 0 0
-925 0 0
-915 0 0
-905 0 0
-895 0 0
-885 0 0
-875 0 0
-865 0 0
-855 0 0
-845 0 0
-835 0 0
-825 0 0
-815 0 0
-805 0 0
-795 0 0
-785 0 0
-775 0 0
-765 0 0
-755 0 0
-745 0 0
-735 0 0
-725 0 0
-715 0 0
-705 0 0
-695 0 0
-685 0 0
-675 0 0
-665 0 0
-655 0 0
-645 0 0
-635 0 0
-625 0 0
-615 0 0
-605 0 0
-595 0 0
-585 0 0
-575 0 0
-565 0 0
-555 0 0
-545 0 0
-535 0 0
-525 0 0
-515 0 0
-505 0 0
-495 0 0
-485 0 0
-475 0 0
-465 0 0
-455 0 0
-445 0 0
-435 0 0
-425 0 0
-415 0 0
-405 0 0
-395 0 0
-385 0 0
-375 0 0
-365 0 0
-355 0 0
-345 0 0
-335 0 0
-325 0 0
-315 1 5.45554e-05
-305 0 0
-295 0 0
-285 0 0
-275 1 5.45554e-05
-265 0 0
-255 0 0
-245 0 0
-235 0 0
-225 0 0
-215 0 0
-205 0 0
-195 0 0
-185 0 0
-175 0 0
-165 0 0
-155 0 0
-145 0 0
-135 0 0
-125 0 0
-115 0 0
-105 0 0
-95 0 0
-85 0 0
-75 0 0
-65 0 0
-55 0 0
-45 0 0
-35 0 0
-25 0 0
-15 0 0
-5 0 0
5 0 0
15 0 0
25 0 0
35 0 0
45 0 0
55 0 0
65 0 0
75 0 0
85 0 0
95 0 0
105 0 0
115 0 0
125 0 0
135 0 0
145 0 0
155 0 0
165 0 0
175 0 0
185 3 0.000163666
195 0 0
205 0 0
215 1 5.45554e-05
225 1 5.45554e-05
235 2 0.000109111
245 3 0.000163666
255 0 0
265 3 0.000163666
275 2 0.000109111
285 1 5.45554e-05
295 3 0.000163666
305 0 0
315 1 5.45554e-05
325 1 5.45554e-05
335 3 0.000163666
345 3 0.000163666
355 0 0
365 3 0.000163666
375 1 5.45554e-05
385 4 0.000218221
395 3 0.000163666
405 1 5.45554e-05
415 6 0.000327332
425 2 0.000109111
435 3 0.000163666
445 5 0.000272777
455 4 0.000218221
465 4 0.000218221
475 3 0.000163666
485 7 0.000381888
495 5 0.000272777
505 3 0.000163666
515 4 0.000218221
525 3 0.000163666
535 8 0.000436443
545 2 0.000109111
555 2 0.000109111
565 4 0.000218221
575 4 0.000218221
585 3 0.000163666
595 10 0.000545554
605 8 0.000436443
615 8 0.000436443
625 8 0.000436443
635 10 0.000545554
645 5 0.000272777
655 15 0.000818331
665 7 0.000381888
675 14 0.000763775
685 12 0.000654664
695 10 0.000545554
705 11 0.000600109
715 14 0.000763775
725 9 0.000490998
735 14 0.000763775
745 6 0.000327332
755 17 0.000927441
765 11 0.000600109
775 14 0.000763775
785 12 0.000654664
795 17 0.000927441
805 13 0.00070922
815 18 0.000981997
825 15 0.000818331
835 11 0.000600109
845 19 0.00103655
855 18 0.000981997
865 12 0.000654664
875 16 0.000872886
885 15 0.000818331
895 14 0.000763775
905 21 0.00114566
915 24 0.00130933
925 17 0.000927441
935 17 0.000927441
945 17 0.000927441
955 28 0.00152755
965 23 0.00125477
975 28 0.00152755
985 25 0.00136388
995 20 0.00109111
1005 25 0.00136388
1015 24 0.00130933
1025 17 0.000927441
1035 25 0.00136388
1045 18 0.000981997
1055 25 0.00136388
1065 19 0.00103655
1075 21 0.00114566
1085 20 0.00109111
1095 27 0.001473
1105 25 0.00136388
1115 33 0.00180033
1125 41 0.00223677
1135 22 0.00120022
1145 24 0.00130933
1155 29 0.00158211
1165 32 0.00174577
1175 30 0.00163666
1185 21 0.00114566
1195 22 0.00120022
1205 27 0.001473
1215 12 0.000654664
1225 23 0.00125477
1235 29 0.00158211
1245 26 0.00141844
1255 32 0.00174577
1265 18 0.000981997
1275 27 0.001473
1285 34 0.00185488
1295 15 0.000818331
1305 18 0.000981997
1315 21 0.00114566
1325 19 0.00103655
1335 7 0.000381888
1345 17 0.000927441
1355 15 0.000818331
1365 18 0.000981997
1375 14 0.000763775
1385 9 0.000490998
1395 16 0.000872886
1405 10 0.000545554
1415 14 0.000763775
1425 14 0.000763775
1435 15 0.000818331
1445 10 0.000545554
1455 17 0.000927441
1465 7 0.000381888
1475 7 0.000381888
1485 8 0.000436443
1495 7 0.000381888
1505 10 0.000545554
1515 9 0.000490998
1525 7 0.000381888
1535 3 0.000163666
1545 10 0.000545554
1555 5 0.000272777
1565 12 0.000654664
1575 4 0.000218221
1585 4 0.000218221
1595 1 5.45554e-05
1605 6 0.000327332
1615 3 0.000163666
1625 6 0.000327332
1635 2 0.000109111
1645 3 0.000163666
1655 3 0.000163666
1665 2 0.000109111
1675 0 0
1685 2 0.000109111
1695 1 5.45554e-05
1705 2 0.000109111
1715 1 5.45554e-05
1725 3 0.000163666
1735 0 0
1745 2 0.000109111
1755 1 5.45554e-05
1765 1 5.45554e-05
1775 0 0
1785 2 0.000109111
1795 1 5.45554e-05
1805 0 0
1815 0 0
1825 0 0
1835 0 0
1845 0 0
1855 1 5.45554e-05
1865 0 0
1875 0 0
1885 1 5.45554e-05
1895 1 5.45554e-05
1905 0 0
1915 1 5.45554e-05
1925 0 0
1935 0 0
1945 0 0
1955 0 0
1965 0 0
1975 0 0
1985 0 0
1995 0 0
2005 0 0
2015 0 0
2025 0 0
2035 0 0
2045 0 0
2055 0 0
2065 0 0
2075 0 0
2085 0 0
2095 0 0
2105 1 5.45554e-05
2115 0 0
2125 0 0
2135 0 0
2145 0 0
2155 0 0
2165 0 0
2175 0 0
2185 0 0
2195 0 0
2205 0 0
2215 0 0
2225 0 0
2235 0 0
2245 0 0
2255 0 0
2265 0 0
2275 0 0
2285 0 0
2295 0 0
2305 0 0
2315 0 0
2325 0 0
2335 0 0
2345 0 0
2355 0 0
2365 0 0
2375 0 0
2385 0 0
2395 0 0
2405 0 0
2415 0 0
2425 0 0
2435 0 0
2445 0 0
2455 0 0
2465 0 0
2475 0 0
2485 0 0
2495 0 0
2505 0 0
2515 0 0
2525 0 0
2535 0 0
2545 0 0
2555 0 0
2565 0 0
2575 0 0
2585 0 0
2595 0 0
2605 0 0
2615 0 0
2625 0 0
2635 0 0
2645 0 0
