5 10 3.49089e-05
15 25 8.72722e-05
25 52 0.000181526
35 55 0.000191999
45 90 0.00031418
55 99 0.000345598
65 119 0.000415416
75 98 0.000342107
85 148 0.000516652
95 163 0.000569015
105 153 0.000534106
115 186 0.000649305
125 194 0.000677232
135 233 0.000813377
145 229 0.000799414
155 238 0.000830832
165 247 0.00086225
175 302 0.00105425
185 292 0.00101934
195 317 0.00110661
205 278 0.000970467
215 323 0.00112756
225 343 0.00119737
235 343 0.00119737
245 359 0.00125323
255 407 0.00142079
265 353 0.00123228
275 387 0.00135097
285 422 0.00147316
295 389 0.00135796
305 364 0.00127068
315 427 0.00149061
325 437 0.00152552
335 446 0.00155694
345 450 0.0015709
355 445 0.00155345
365 501 0.00174894
375 425 0.00148363
385 448 0.00156392
395 437 0.00152552
405 420 0.00146617
415 464 0.00161977
425 428 0.0014941
435 423 0.00147665
445 463 0.00161628
455 463 0.00161628
465 452 0.00157788
475 419 0.00146268
485 398 0.00138937
495 431 0.00150457
505 435 0.00151854
515 404 0.00141032
525 442 0.00154297
535 428 0.0014941
545 411 0.00143476
555 429 0.00149759
565 384 0.0013405
575 364 0.00127068
585 361 0.00126021
595 393 0.00137192
605 354 0.00123577
615 329 0.0011485
625 362 0.0012637
635 330 0.00115199
645 363 0.00126719
655 336 0.00117294
665 301 0.00105076
675 294 0.00102632
685 259 0.00090414
695 285 0.000994903
705 275 0.000959994
715 268 0.000935558
725 239 0.000834322
735 247 0.00086225
745 283 0.000987922
755 245 0.000855268
765 216 0.000754032
775 222 0.000774977
785 201 0.000701669
795 195 0.000680723
805 182 0.000635342
815 195 0.000680723
825 193 0.000673742
835 182 0.000635342
845 145 0.000506179
855 172 0.000600433
865 136 0.000474761
875 149 0.000520142
885 136 0.000474761
895 124 0.00043287
905 103 0.000359562
915 90 0.00031418
925 107 0.000373525
935 113 0.00039447
945 101 0.00035258
955 69 0.000240871
965 82 0.000286253
975 65 0.000226908
985 86 0.000300216
995 77 0.000268798
1005 72 0.000251344
1015 74 0.000258326
1025 56 0.00019549
1035 48 0.000167563
1045 45 0.00015709
1055 41 0.000143126
1065 46 0.000160581
1075 38 0.000132654
1085 52 0.000181526
1095 30 0.000104727
1105 29 0.000101236
1115 33 0.000115199
1125 29 0.000101236
1135 21 7.33087e-05
1145 21 7.33087e-05
1155 21 7.33087e-05
1165 15 5.23633e-05
1175 20 6.98178e-05
1185 18 6.2836e-05
1195 18 6.2836e-05
1205 12 4.18907e-05
1215 11 3.83998e-05
1225 14 4.88724e-05
1235 13 4.53816e-05
1245 15 5.23633e-05
1255 4 1.39636e-05
1265 10 3.49089e-05
1275 8 2.79271e-05
1285 10 3.49089e-05
1295 9 3.1418e-05
1305 5 1.74544e-05
1315 7 2.44362e-05
1325 5 1.74544e-05
1335 8 2.79271e-05
1345 2 6.98178e-06
1355 1 3.49089e-06
1365 2 6.98178e-06
1375 2 6.98178e-06
1385 2 6.98178e-06
1395 3 1.04727e-05
1405 2 6.98178e-06
1415 2 6.98178e-06
1425 2 6.98178e-06
1435 1 3.49089e-06
1445 3 1.04727e-05
1455 3 1.04727e-05
1465 2 6.98178e-06
1475 1 3.49089e-06
1485 1 3.49089e-06
1495 1 3.49089e-06
1505 2 6.98178e-06
1515 1 3.49089e-06
1525 1 3.49089e-06
1535 0 0
1545 1 3.49089e-06
1555 0 0
1565 0 0
1575 0 0
1585 0 0
1595 0 0
1605 0 0
1615 0 0
1625 0 0
1635 1 3.49089e-06
1645 0 0
1655 0 0
1665 0 0
1675 0 0
1685 0 0
1695 0 0
1705 0 0
1715 0 0
1725 0 0
1735 0 0
1745 0 0
1755 0 0
1765 0 0
1775 0 0
1785 0 0
1795 0 0
1805 0 0
1815 0 0
1825 0 0
1835 0 0
1845 0 0
1855 0 0
1865 0 0
1875 0 0
1885 0 0
1895 0 0
1905 0 0
1915 0 0
1925 0 0
1935 0 0
1945 0 0
1955 0 0
1965 0 0
1975 0 0
1985 0 0
1995 0 0
2005 0 0
2015 0 0
2025 0 0
2035 0 0
2045 0 0
2055 0 0
2065 0 0
2075 0 0
2085 0 0
2095 0 0
2105 0 0
2115 0 0
2125 0 0
2135 0 0
2145 0 0
2155 0 0
2165 0 0
2175 0 0
2185 0 0
2195 0 0
2205 0 0
2215 0 0
2225 0 0
2235 0 0
2245 0 0
2255 0 0
2265 0 0
2275 0 0
2285 0 0
2295 0 0
2305 0 0
2315 0 0
2325 0 0
2335 0 0
2345 0 0
2355 0 0
2365 0 0
2375 0 0
2385 0 0
2395 0 0
2405 0 0
2415 0 0
2425 0 0
2435 0 0
2445 0 0
2455 0 0
2465 0 0
2475 0 0
2485 0 0
2495 0 0
2505 0 0
2515 0 0
2525 0 0
2535 0 0
2545 0 0
2555 0 0
2565 0 0
2575 0 0
2585 0 0
2595 0 0
2605 0 0
2615 0 0
2625 0 0
2635 0 0
2645 0 0
