5 39 1.60967e-05
15 129 5.3243e-05
25 240 9.90567e-05
35 292 0.000120519
45 386 0.000159316
55 471 0.000194399
65 570 0.00023526
75 608 0.000250944
85 690 0.000284788
95 819 0.000338031
105 792 0.000326887
115 938 0.000387147
125 988 0.000407783
135 1093 0.000451121
145 1158 0.000477949
155 1248 0.000515095
165 1292 0.000533255
175 1393 0.000574942
185 1457 0.000601357
195 1547 0.000638503
205 1542 0.000636439
215 1664 0.000686793
225 1781 0.000735083
235 1767 0.000729305
245 1834 0.000756958
255 1967 0.000811852
265 1957 0.000807725
275 1979 0.000816805
285 2036 0.000840331
295 2116 0.00087335
305 2151 0.000887796
315 2198 0.000907194
325 2218 0.000915449
335 2200 0.00090802
345 2364 0.000975708
355 2334 0.000963326
365 2439 0.00100666
375 2401 0.00099098
385 2465 0.00101739
395 2461 0.00101574
405 2429 0.00100254
415 2548 0.00105165
425 2549 0.00105206
435 2432 0.00100377
445 2604 0.00107477
455 2619 0.00108096
465 2593 0.00107023
475 2598 0.00107229
485 2583 0.0010661
495 2652 0.00109458
505 2677 0.00110489
515 2634 0.00108715
525 2718 0.00112182
535 2674 0.00110366
545 2727 0.00112553
555 2637 0.00108839
565 2617 0.00108013
575 2631 0.00108591
585 2558 0.00105578
595 2642 0.00109045
605 2723 0.00112388
615 2541 0.00104876
625 2570 0.00106073
635 2517 0.00103886
645 2511 0.00103638
655 2601 0.00107353
665 2505 0.0010339
675 2478 0.00102276
685 2485 0.00102565
695 2463 0.00101657
705 2445 0.00100914
715 2349 0.000969517
725 2401 0.00099098
735 2301 0.000949706
745 2335 0.000963739
755 2341 0.000966215
765 2291 0.000945579
775 2175 0.000897701
785 2181 0.000900178
795 2109 0.000870461
805 2151 0.000887796
815 2165 0.000893574
825 2157 0.000890272
835 2170 0.000895638
845 1940 0.000800708
855 2082 0.000859317
865 1983 0.000818456
875 1973 0.000814329
885 1965 0.000811027
895 1910 0.000788326
905 1934 0.000798232
915 1763 0.000727654
925 1804 0.000744576
935 1661 0.000685555
945 1720 0.000709906
955 1728 0.000713208
965 1628 0.000671935
975 1592 0.000657076
985 1552 0.000640567
995 1518 0.000626534
1005 1518 0.000626534
1015 1456 0.000600944
1025 1403 0.000579069
1035 1348 0.000556368
1045 1352 0.000558019
1055 1352 0.000558019
1065 1314 0.000542335
1075 1258 0.000519222
1085 1265 0.000522111
1095 1226 0.000506015
1105 1167 0.000481663
1115 1126 0.000464741
1125 1180 0.000487029
1135 1098 0.000453184
1145 1051 0.000433786
1155 1009 0.000416451
1165 1044 0.000430897
1175 950 0.000392099
1185 984 0.000406132
1195 917 0.000378479
1205 904 0.000373114
1215 863 0.000356191
1225 823 0.000339682
1235 799 0.000329776
1245 805 0.000332253
1255 759 0.000313267
1265 701 0.000289328
1275 721 0.000297583
1285 682 0.000281486
1295 624 0.000257547
1305 654 0.000269929
1315 648 0.000267453
1325 588 0.000242689
1335 559 0.00023072
1345 575 0.000237323
1355 546 0.000225354
1365 502 0.000207194
1375 490 0.000202241
1385 492 0.000203066
1395 419 0.000172936
1405 443 0.000182842
1415 374 0.000154363
1425 379 0.000156427
1435 365 0.000150649
1445 365 0.000150649
1455 368 0.000151887
1465 364 0.000150236
1475 357 0.000147347
1485 318 0.00013125
1495 306 0.000126297
1505 289 0.000119281
1515 262 0.000108137
1525 299 0.000123408
1535 264 0.000108962
1545 241 9.94694e-05
1555 202 8.33727e-05
1565 211 8.70873e-05
1575 175 7.22288e-05
1585 195 8.04836e-05
1595 188 7.75944e-05
1605 164 6.76887e-05
1615 160 6.60378e-05
1625 164 6.76887e-05
1635 173 7.14034e-05
1645 148 6.1085e-05
1655 152 6.27359e-05
1665 114 4.70519e-05
1675 121 4.99411e-05
1685 118 4.87029e-05
1695 126 5.20048e-05
1705 106 4.375e-05
1715 76 3.1368e-05
1725 93 3.83845e-05
1735 112 4.62265e-05
1745 108 4.45755e-05
1755 66 2.72406e-05
1765 76 3.1368e-05
1775 66 2.72406e-05
1785 61 2.51769e-05
1795 54 2.22878e-05
1805 62 2.55896e-05
1815 60 2.47642e-05
1825 58 2.39387e-05
1835 61 2.51769e-05
1845 54 2.22878e-05
1855 45 1.85731e-05
1865 41 1.69222e-05
1875 38 1.5684e-05
1885 37 1.52712e-05
1895 28 1.15566e-05
1905 42 1.73349e-05
1915 37 1.52712e-05
1925 33 1.36203e-05
1935 33 1.36203e-05
1945 23 9.49293e-06
1955 30 1.23821e-05
1965 28 1.15566e-05
1975 26 1.07311e-05
1985 17 7.01652e-06
1995 14 5.77831e-06
2005 15 6.19104e-06
2015 17 7.01652e-06
2025 10 4.12736e-06
2035 23 9.49293e-06
2045 18 7.42925e-06
2055 8 3.30189e-06
2065 17 7.01652e-06
2075 14 5.77831e-06
2085 8 3.30189e-06
2095 8 3.30189e-06
2105 9 3.71463e-06
2115 5 2.06368e-06
2125 11 4.5401e-06
2135 8 3.30189e-06
2145 10 4.12736e-06
2155 6 2.47642e-06
2165 11 4.5401e-06
2175 6 2.47642e-06
2185 3 1.23821e-06
2195 6 2.47642e-06
2205 3 1.23821e-06
2215 4 1.65094e-06
2225 4 1.65094e-06
2235 6 2.47642e-06
2245 4 1.65094e-06
2255 2 8.25472e-07
2265 5 2.06368e-06
2275 3 1.23821e-06
2285 6 2.47642e-06
2295 1 4.12736e-07
2305 0 0
2315 0 0
2325 2 8.25472e-07
2335 1 4.12736e-07
2345 4 1.65094e-06
2355 5 2.06368e-06
2365 2 8.25472e-07
2375 1 4.12736e-07
2385 2 8.25472e-07
2395 3 1.23821e-06
2405 0 0
2415 3 1.23821e-06
2425 0 0
2435 1 4.12736e-07
2445 0 0
2455 0 0
2465 0 0
2475 0 0
2485 0 0
2495 1 4.12736e-07
2505 0 0
2515 1 4.12736e-07
2525 0 0
2535 0 0
2545 1 4.12736e-07
2555 1 4.12736e-07
2565 0 0
2575 0 0
2585 0 0
2595 0 0
2605 0 0
2615 0 0
2625 0 0
2635 0 0
2645 0 0
