-2645 0 0
-2635 0 0
-2625 0 0
-2615 0 0
-2605 0 0
-2595 0 0
-2585 0 0
-2575 0 0
-2565 0 0
-2555 0 0
-2545 0 0
-2535 0 0
-2525 0 0
-2515 1 4.15672e-07
-2505 0 0
-2495 0 0
-2485 0 0
-2475 1 4.15672e-07
-2465 0 0
-2455 0 0
-2445 1 4.15672e-07
-2435 0 0
-2425 0 0
-2415 0 0
-2405 0 0
-2395 0 0
-2385 0 0
-2375 0 0
-2365 0 0
-2355 0 0
-2345 0 0
-2335 0 0
-2325 1 4.15672e-07
-2315 0 0
-2305 1 4.15672e-07
-2295 1 4.15672e-07
-2285 0 0
-2275 0 0
-2265 0 0
-2255 0 0
-2245 1 4.15672e-07
-2235 0 0
-2225 0 0
-2215 2 8.31343e-07
-2205 0 0
-2195 1 4.15672e-07
-2185 1 4.15672e-07
-2175 3 1.24701e-06
-2165 0 0
-2155 0 0
-2145 0 0
-2135 1 4.15672e-07
-2125 0 0
-2115 3 1.24701e-06
-2105 2 8.31343e-07
-2095 1 4.15672e-07
-2085 1 4.15672e-07
-2075 1 4.15672e-07
-2065 4 1.66269e-06
-2055 4 1.66269e-06
-2045 2 8.31343e-07
-2035 2 8.31343e-07
-2025 1 4.15672e-07
-2015 6 2.49403e-06
-2005 1 4.15672e-07
-1995 4 1.66269e-06
-1985 3 1.24701e-06
-1975 1 4.15672e-07
-1965 4 1.66269e-06
-1955 5 2.07836e-06
-1945 4 1.66269e-06
-1935 5 2.07836e-06
-1925 4 1.66269e-06
-1915 2 8.31343e-07
-1905 6 2.49403e-06
-1895 4 1.66269e-06
-1885 5 2.07836e-06
-1875 7 2.9097e-06
-1865 9 3.74104e-06
-1855 4 1.66269e-06
-1845 3 1.24701e-06
-1835 8 3.32537e-06
-1825 7 2.9097e-06
-1815 7 2.9097e-06
-1805 6 2.49403e-06
-1795 9 3.74104e-06
-1785 15 6.23507e-06
-1775 7 2.9097e-06
-1765 9 3.74104e-06
-1755 10 4.15672e-06
-1745 14 5.8194e-06
-1735 17 7.06642e-06
-1725 11 4.57239e-06
-1715 17 7.06642e-06
-1705 11 4.57239e-06
-1695 16 6.65075e-06
-1685 18 7.48209e-06
-1675 19 7.89776e-06
-1665 19 7.89776e-06
-1655 22 9.14478e-06
-1645 20 8.31343e-06
-1635 28 1.16388e-05
-1625 17 7.06642e-06
-1615 15 6.23507e-06
-1605 31 1.28858e-05
-1595 28 1.16388e-05
-1585 38 1.57955e-05
-1575 31 1.28858e-05
-1565 27 1.12231e-05
-1555 32 1.33015e-05
-1545 36 1.49642e-05
-1535 39 1.62112e-05
-1525 32 1.33015e-05
-1515 46 1.91209e-05
-1505 30 1.24701e-05
-1495 47 1.95366e-05
-1485 59 2.45246e-05
-1475 48 1.99522e-05
-1465 50 2.07836e-05
-1455 63 2.61873e-05
-1445 70 2.9097e-05
-1435 53 2.20306e-05
-1425 61 2.5356e-05
-1415 70 2.9097e-05
-1405 80 3.32537e-05
-1395 63 2.61873e-05
-1385 78 3.24224e-05
-1375 89 3.69948e-05
-1365 91 3.78261e-05
-1355 85 3.53321e-05
-1345 75 3.11754e-05
-1335 99 4.11515e-05
-1325 83 3.45007e-05
-1315 96 3.99045e-05
-1305 81 3.36694e-05
-1295 135 5.61157e-05
-1285 114 4.73866e-05
-1275 131 5.4453e-05
-1265 116 4.82179e-05
-1255 139 5.77784e-05
-1245 127 5.27903e-05
-1235 138 5.73627e-05
-1225 135 5.61157e-05
-1215 140 5.8194e-05
-1205 169 7.02485e-05
-1195 197 8.18873e-05
-1185 162 6.73388e-05
-1175 214 8.89537e-05
-1165 192 7.9809e-05
-1155 194 8.06403e-05
-1145 216 8.97851e-05
-1135 190 7.89776e-05
-1125 229 9.51888e-05
-1115 232 9.64358e-05
-1105 228 9.47731e-05
-1095 217 9.02007e-05
-1085 249 0.000103502
-1075 267 0.000110984
-1065 286 0.000118882
-1055 307 0.000127611
-1045 271 0.000112647
-1035 290 0.000120545
-1025 296 0.000123039
-1015 323 0.000134262
-1005 347 0.000144238
-995 323 0.000134262
-985 333 0.000138419
-975 372 0.00015463
-965 331 0.000137587
-955 406 0.000168763
-945 404 0.000167931
-935 404 0.000167931
-925 426 0.000177076
-915 451 0.000187468
-905 427 0.000177492
-895 502 0.000208667
-885 486 0.000202016
-875 510 0.000211993
-865 530 0.000220306
-855 554 0.000230282
-845 511 0.000212408
-835 559 0.00023236
-825 570 0.000236933
-815 631 0.000262289
-805 626 0.00026021
-795 600 0.000249403
-785 631 0.000262289
-775 649 0.000269771
-765 675 0.000280578
-755 653 0.000271434
-745 765 0.000317989
-735 696 0.000289307
-725 706 0.000293464
-715 752 0.000312585
-705 719 0.000298868
-695 831 0.000345423
-685 814 0.000338357
-675 807 0.000335447
-665 880 0.000365791
-655 879 0.000365375
-645 862 0.000358309
-635 900 0.000374104
-625 899 0.000373689
-615 936 0.000389069
-605 915 0.00038034
-595 989 0.000411099
-585 1031 0.000428557
-575 1033 0.000429389
-565 1022 0.000424816
-555 1105 0.000459317
-545 1088 0.000452251
-535 1131 0.000470125
-525 1091 0.000453498
-515 1128 0.000468878
-505 1120 0.000465552
-495 1165 0.000484257
-485 1242 0.000516264
-475 1205 0.000500884
-465 1177 0.000489246
-455 1195 0.000496728
-445 1263 0.000524993
-435 1271 0.000528319
-425 1293 0.000537463
-415 1347 0.00055991
-405 1360 0.000565313
-395 1277 0.000530813
-385 1357 0.000564066
-375 1379 0.000573211
-365 1421 0.000590669
-355 1441 0.000598983
-345 1410 0.000586097
-335 1452 0.000603555
-325 1479 0.000614778
-315 1441 0.000598983
-305 1527 0.000634731
-295 1503 0.000624754
-285 1583 0.000658008
-275 1522 0.000632652
-265 1480 0.000615194
-255 1566 0.000650942
-245 1590 0.000660918
-235 1569 0.000652189
-225 1597 0.000663828
-215 1615 0.00067131
-205 1636 0.000680039
-195 1621 0.000673804
-185 1721 0.000715371
-175 1694 0.000704148
-165 1653 0.000687105
-155 1691 0.000702901
-145 1649 0.000685443
-135 1718 0.000714124
-125 1706 0.000709136
-115 1773 0.000736986
-105 1791 0.000744468
-95 1724 0.000716618
-85 1774 0.000737402
-75 1787 0.000742805
-65 1777 0.000738649
-55 1687 0.000701238
-45 1779 0.00073948
-35 1728 0.000718281
-25 1766 0.000734076
-15 1680 0.000698328
-5 1709 0.000710383
5 1756 0.000729919
15 1759 0.000731166
25 1754 0.000729088
35 1758 0.000730751
45 1757 0.000730335
55 1746 0.000725763
65 1780 0.000739896
75 1746 0.000725763
85 1734 0.000720775
95 1795 0.000746131
105 1710 0.000710799
115 1745 0.000725347
125 1705 0.00070872
135 1758 0.000730751
145 1690 0.000702485
155 1761 0.000731998
165 1767 0.000734492
175 1639 0.000681286
185 1677 0.000697081
195 1630 0.000677545
205 1614 0.000670894
215 1634 0.000679207
225 1610 0.000669231
235 1656 0.000688352
245 1569 0.000652189
255 1558 0.000647616
265 1590 0.000660918
275 1559 0.000648032
285 1479 0.000614778
295 1507 0.000626417
305 1504 0.00062517
315 1448 0.000601893
325 1400 0.00058194
335 1415 0.000588175
345 1344 0.000558663
355 1351 0.000561572
365 1398 0.000581109
375 1406 0.000584434
385 1388 0.000576952
395 1357 0.000564066
405 1413 0.000587344
415 1350 0.000561157
425 1280 0.00053206
435 1274 0.000529566
445 1269 0.000527487
455 1280 0.00053206
465 1198 0.000497975
475 1181 0.000490908
485 1202 0.000499637
495 1170 0.000486336
505 1144 0.000475528
515 1135 0.000471787
525 1132 0.00047054
535 1103 0.000458486
545 1046 0.000434793
555 1049 0.00043604
565 988 0.000410684
575 1006 0.000418166
585 1002 0.000416503
595 965 0.000401123
605 941 0.000391147
615 940 0.000390731
625 911 0.000378677
635 991 0.000411931
645 877 0.000364544
655 874 0.000363297
665 815 0.000338772
675 833 0.000346254
685 820 0.000340851
695 795 0.000330459
705 787 0.000327134
715 784 0.000325887
725 734 0.000305103
735 756 0.000314248
745 666 0.000276837
755 676 0.000280994
765 719 0.000298868
775 682 0.000283488
785 647 0.00026894
795 621 0.000258132
805 570 0.000236933
815 605 0.000251481
825 537 0.000223216
835 584 0.000242752
845 553 0.000229866
855 541 0.000224878
865 516 0.000214487
875 500 0.000207836
885 508 0.000211161
895 445 0.000184974
905 406 0.000168763
915 465 0.000193287
925 415 0.000172504
935 417 0.000173335
945 388 0.000161281
955 384 0.000159618
965 371 0.000154214
975 364 0.000151304
985 361 0.000150057
995 342 0.00014216
1005 303 0.000125949
1015 331 0.000137587
1025 325 0.000135093
1035 304 0.000126364
1045 258 0.000107243
1055 293 0.000121792
1065 254 0.000105581
1075 262 0.000108906
1085 227 9.43575e-05
1095 261 0.00010849
1105 251 0.000104334
1115 217 9.02007e-05
1125 251 0.000104334
1135 191 7.93933e-05
1145 205 8.52127e-05
1155 208 8.64597e-05
1165 181 7.52366e-05
1175 180 7.48209e-05
1185 169 7.02485e-05
1195 156 6.48448e-05
1205 165 6.85858e-05
1215 144 5.98567e-05
1225 169 7.02485e-05
1235 148 6.15194e-05
1245 144 5.98567e-05
1255 150 6.23507e-05
1265 126 5.23746e-05
1275 121 5.02963e-05
1285 128 5.3206e-05
1295 100 4.15672e-05
1305 115 4.78022e-05
1315 111 4.61396e-05
1325 108 4.48925e-05
1335 96 3.99045e-05
1345 103 4.28142e-05
1355 83 3.45007e-05
1365 80 3.32537e-05
1375 81 3.36694e-05
1385 61 2.5356e-05
1395 89 3.69948e-05
1405 64 2.6603e-05
1415 70 2.9097e-05
1425 73 3.0344e-05
1435 58 2.4109e-05
1445 49 2.03679e-05
1455 57 2.36933e-05
1465 50 2.07836e-05
1475 53 2.20306e-05
1485 49 2.03679e-05
1495 46 1.91209e-05
1505 45 1.87052e-05
1515 48 1.99522e-05
1525 38 1.57955e-05
1535 31 1.28858e-05
1545 44 1.82896e-05
1555 27 1.12231e-05
1565 38 1.57955e-05
1575 35 1.45485e-05
1585 30 1.24701e-05
1595 20 8.31343e-06
1605 40 1.66269e-05
1615 23 9.56045e-06
1625 28 1.16388e-05
1635 19 7.89776e-06
1645 32 1.33015e-05
1655 23 9.56045e-06
1665 21 8.7291e-06
1675 19 7.89776e-06
1685 16 6.65075e-06
1695 12 4.98806e-06
1705 18 7.48209e-06
1715 20 8.31343e-06
1725 13 5.40373e-06
1735 10 4.15672e-06
1745 12 4.98806e-06
1755 7 2.9097e-06
1765 9 3.74104e-06
1775 5 2.07836e-06
1785 7 2.9097e-06
1795 9 3.74104e-06
1805 10 4.15672e-06
1815 9 3.74104e-06
1825 6 2.49403e-06
1835 8 3.32537e-06
1845 4 1.66269e-06
1855 5 2.07836e-06
1865 9 3.74104e-06
1875 4 1.66269e-06
1885 6 2.49403e-06
1895 10 4.15672e-06
1905 5 2.07836e-06
1915 6 2.49403e-06
1925 2 8.31343e-07
1935 8 3.32537e-06
1945 2 8.31343e-07
1955 4 1.66269e-06
1965 5 2.07836e-06
1975 1 4.15672e-07
1985 3 1.24701e-06
1995 1 4.15672e-07
2005 6 2.49403e-06
2015 1 4.15672e-07
2025 2 8.31343e-07
2035 5 2.07836e-06
2045 3 1.24701e-06
2055 5 2.07836e-06
2065 1 4.15672e-07
2075 1 4.15672e-07
2085 1 4.15672e-07
2095 5 2.07836e-06
2105 3 1.24701e-06
2115 1 4.15672e-07
2125 0 0
2135 3 1.24701e-06
2145 1 4.15672e-07
2155 1 4.15672e-07
2165 0 0
2175 1 4.15672e-07
2185 0 0
2195 0 0
2205 1 4.15672e-07
2215 1 4.15672e-07
2225 0 0
2235 3 1.24701e-06
2245 0 0
2255 0 0
2265 0 0
2275 1 4.15672e-07
2285 0 0
2295 0 0
2305 0 0
2315 0 0
2325 0 0
2335 0 0
2345 0 0
2355 0 0
2365 0 0
2375 1 4.15672e-07
2385 0 0
2395 0 0
2405 0 0
2415 1 4.15672e-07
2425 0 0
2435 0 0
2445 0 0
2455 0 0
2465 0 0
2475 0 0
2485 0 0
2495 0 0
2505 0 0
2515 0 0
2525 0 0
2535 0 0
2545 1 4.15672e-07
2555 0 0
2565 0 0
2575 0 0
2585 0 0
2595 0 0
2605 0 0
2615 0 0
2625 0 0
2635 0 0
2645 0 0
