5 1 4.21612e-06
15 4 1.68645e-05
25 6 2.52967e-05
35 11 4.63773e-05
45 12 5.05934e-05
55 16 6.74579e-05
65 20 8.43224e-05
75 16 6.74579e-05
85 26 0.000109619
95 44 0.000185509
105 38 0.000160212
115 37 0.000155996
125 41 0.000172861
135 42 0.000177077
145 41 0.000172861
155 44 0.000185509
165 60 0.000252967
175 76 0.000320425
185 57 0.000240319
195 68 0.000286696
205 65 0.000274048
215 77 0.000324641
225 81 0.000341506
235 75 0.000316209
245 91 0.000383667
255 96 0.000404747
265 124 0.000522799
275 98 0.00041318
285 110 0.000463773
295 126 0.000531231
305 115 0.000484854
315 99 0.000417396
325 115 0.000484854
335 121 0.00051015
345 116 0.00048907
355 128 0.000539663
365 130 0.000548095
375 155 0.000653498
385 160 0.000674579
395 142 0.000598689
405 144 0.000607121
415 162 0.000683011
425 173 0.000729388
435 147 0.000619769
445 163 0.000687227
455 173 0.000729388
465 183 0.00077155
475 185 0.000779982
485 174 0.000733605
495 202 0.000851656
505 209 0.000881169
515 223 0.000940194
525 196 0.000826359
535 201 0.00084744
545 213 0.000898033
555 224 0.00094441
565 245 0.00103295
575 253 0.00106668
585 248 0.0010456
595 225 0.000948627
605 262 0.00110462
615 239 0.00100765
625 233 0.000982356
635 246 0.00103717
645 279 0.0011763
655 261 0.00110041
665 293 0.00123532
675 259 0.00109197
685 274 0.00115522
695 275 0.00115943
705 234 0.000986572
715 240 0.00101187
725 248 0.0010456
735 268 0.00112992
745 230 0.000969707
755 271 0.00114257
765 300 0.00126484
775 261 0.00110041
785 301 0.00126905
795 294 0.00123954
805 281 0.00118473
815 286 0.00120581
825 286 0.00120581
835 276 0.00116365
845 270 0.00113835
855 281 0.00118473
865 281 0.00118473
875 294 0.00123954
885 268 0.00112992
895 255 0.00107511
905 290 0.00122267
915 266 0.00112149
925 252 0.00106246
935 234 0.000986572
945 269 0.00113414
955 268 0.00112992
965 258 0.00108776
975 244 0.00102873
985 229 0.000965491
995 240 0.00101187
1005 237 0.00099922
1015 228 0.000961275
1025 235 0.000990788
1035 218 0.000919114
1045 223 0.000940194
1055 210 0.000885385
1065 238 0.00100344
1075 195 0.000822143
1085 216 0.000910682
1095 198 0.000834791
1105 185 0.000779982
1115 175 0.000737821
1125 181 0.000763117
1135 175 0.000737821
1145 177 0.000746253
1155 165 0.00069566
1165 158 0.000666147
1175 146 0.000615553
1185 163 0.000687227
1195 139 0.00058604
1205 111 0.000467989
1215 134 0.00056496
1225 107 0.000451125
1235 110 0.000463773
1245 112 0.000472205
1255 101 0.000425828
1265 95 0.000400531
1275 103 0.00043426
1285 92 0.000387883
1295 83 0.000349938
1305 97 0.000408963
1315 82 0.000345722
1325 75 0.000316209
1335 58 0.000244535
1345 73 0.000307777
1355 76 0.000320425
1365 73 0.000307777
1375 59 0.000248751
1385 53 0.000223454
1395 51 0.000215022
1405 41 0.000172861
1415 40 0.000168645
1425 44 0.000185509
1435 34 0.000143348
1445 35 0.000147564
1455 40 0.000168645
1465 43 0.000181293
1475 25 0.000105403
1485 33 0.000139132
1495 26 0.000109619
1505 35 0.000147564
1515 14 5.90257e-05
1525 27 0.000113835
1535 26 0.000109619
1545 19 8.01062e-05
1555 25 0.000105403
1565 22 9.27546e-05
1575 11 4.63773e-05
1585 8 3.37289e-05
1595 9 3.79451e-05
1605 13 5.48095e-05
1615 2 8.43224e-06
1625 14 5.90257e-05
1635 12 5.05934e-05
1645 9 3.79451e-05
1655 4 1.68645e-05
1665 9 3.79451e-05
1675 6 2.52967e-05
1685 8 3.37289e-05
1695 7 2.95128e-05
1705 4 1.68645e-05
1715 4 1.68645e-05
1725 3 1.26484e-05
1735 3 1.26484e-05
1745 5 2.10806e-05
1755 5 2.10806e-05
1765 2 8.43224e-06
1775 2 8.43224e-06
1785 3 1.26484e-05
1795 1 4.21612e-06
1805 3 1.26484e-05
1815 1 4.21612e-06
1825 3 1.26484e-05
1835 3 1.26484e-05
1845 0 0
1855 0 0
1865 1 4.21612e-06
1875 0 0
1885 1 4.21612e-06
1895 0 0
1905 0 0
1915 1 4.21612e-06
1925 0 0
1935 0 0
1945 1 4.21612e-06
1955 1 4.21612e-06
1965 0 0
1975 0 0
1985 0 0
1995 0 0
2005 0 0
2015 0 0
2025 0 0
2035 0 0
2045 0 0
2055 0 0
2065 0 0
2075 0 0
2085 0 0
2095 0 0
2105 0 0
2115 0 0
2125 0 0
2135 0 0
2145 0 0
2155 1 4.21612e-06
2165 0 0
2175 0 0
2185 0 0
2195 0 0
2205 0 0
2215 0 0
2225 0 0
2235 0 0
2245 0 0
2255 0 0
2265 0 0
2275 0 0
2285 0 0
2295 0 0
2305 0 0
2315 0 0
2325 0 0
2335 0 0
2345 0 0
2355 0 0
2365 0 0
2375 0 0
2385 0 0
2395 0 0
2405 0 0
2415 0 0
2425 0 0
2435 0 0
2445 0 0
2455 0 0
2465 0 0
2475 0 0
2485 0 0
2495 0 0
2505 0 0
2515 0 0
2525 0 0
2535 0 0
2545 0 0
2555 0 0
2565 0 0
2575 0 0
2585 0 0
2595 0 0
2605 0 0
2615 0 0
2625 0 0
2635 0 0
2645 0 0
