-2645 0 0
-2635 0 0
-2625 0 0
-2615 0 0
-2605 0 0
-2595 0 0
-2585 0 0
-2575 0 0
-2565 0 0
-2555 0 0
-2545 0 0
-2535 0 0
-2525 0 0
-2515 0 0
-2505 0 0
-2495 0 0
-2485 0 0
-2475 0 0
-2465 0 0
-2455 0 0
-2445 0 0
-2435 0 0
-2425 0 0
-2415 0 0
-2405 0 0
-2395 0 0
-2385 0 0
-2375 0 0
-2365 0 0
-2355 0 0
-2345 0 0
-2335 0 0
-2325 0 0
-2315 0 0
-2305 0 0
-2295 0 0
-2285 0 0
-2275 0 0
-2265 0 0
-2255 0 0
-2245 0 0
-2235 0 0
-2225 0 0
-2215 0 0
-2205 0 0
-2195 0 0
-2185 0 0
-2175 0 0
-2165 0 0
-2155 0 0
-2145 0 0
-2135 0 0
-2125 0 0
-2115 0 0
-2105 0 0
-2095 0 0
-2085 0 0
-2075 0 0
-2065 0 0
-2055 0 0
-2045 0 0
-2035 0 0
-2025 0 0
-2015 0 0
-2005 0 0
-1995 0 0
-1985 0 0
-1975 0 0
-1965 0 0
-1955 0 0
-1945 0 0
-1935 0 0
-1925 0 0
-1915 0 0
-1905 0 0
-1895 0 0
-1885 0 0
-1875 0 0
-1865 0 0
-1855 0 0
-1845 0 0
-1835 0 0
-1825 0 0
-1815 0 0
-1805 0 0
-1795 0 0
-1785 0 0
-1775 0 0
-1765 0 0
-1755 0 0
-1745 0 0
-1735 0 0
-1725 0 0
-1715 0 0
-1705 0 0
-1695 0 0
-1685 0 0
-1675 0 0
-1665 0 0
-1655 0 0
-1645 0 0
-1635 0 0
-1625 0 0
-1615 0 0
-1605 0 0
-1595 0 0
-1585 0 0
-1575 0 0
-1565 0 0
-1555 0 0
-1545 0 0
-1535 0 0
-1525 0 0
-1515 0 0
-1505 0 0
-1495 0 0
-1485 0 0
-1475 0 0
-1465 0 0
-1455 0 0
-1445 0 0
-1435 0 0
-1425 0 0
-1415 0 0
-1405 0 0
-1395 0 0
-1385 0 0
-1375 0 0
-1365 0 0
-1355 0 0
-1345 0 0
-1335 0 0
-1325 0 0
-1315 0 0
-1305 0 0
-1295 0 0
-1285 0 0
-1275 0 0
-1265 0 0
-1255 0 0
-1245 0 0
-1235 0 0
-1225 0 0
-1215 0 0
-1205 0 0
-1195 0 0
-1185 0 0
-1175 0 0
-1165 0 0
-1155 0 0
-1145 0 0
-1135 0 0
-1125 0 0
-1115 0 0
-1105 0 0
-1095 0 0
-1085 0 0
-1075 0 0
-1065 0 0
-1055 0 0
-1045 0 0
-1035 0 0
-1025 0 0
-1015 0 0
-1005 0 0
-995 0 0
-985 0 0
-975 0 0
-965 0 0
-955 0 0
-945 0 0
-935 0 0
-925 0 0
-915 0 0
-905 0 0
-895 0 0
-885 0 0
-875 0 0
-865 0 0
-855 0 0
-845 0 0
-835 0 0
-825 0 0
-815 0 0
-805 0 0
-795 0 0
-785 0 0
-775 0 0
-765 0 0
-755 0 0
-745 0 0
-735 0 0
-725 0 0
-715 0 0
-705 0 0
-695 0 0
-685 0 0
-675 0 0
-665 0 0
-655 0 0
-645 0 0
-635 0 0
-625 0 0
-615 0 0
-605 0 0
-595 0 0
-585 0 0
-575 0 0
-565 0 0
-555 1 1.70169e-05
-545 0 0
-535 0 0
-525 0 0
-515 1 1.70169e-05
-505 0 0
-495 0 0
-485 0 0
-475 0 0
-465 0 0
-455 0 0
-445 1 1.70169e-05
-435 0 0
-425 1 1.70169e-05
-415 0 0
-405 0 0
-395 0 0
-385 0 0
-375 1 1.70169e-05
-365 0 0
-355 1 1.70169e-05
-345 1 1.70169e-05
-335 2 3.40339e-05
-325 1 1.70169e-05
-315 2 3.40339e-05
-305 0 0
-295 0 0
-285 3 5.10508e-05
-275 0 0
-265 0 0
-255 1 1.70169e-05
-245 2 3.40339e-05
-235 1 1.70169e-05
-225 0 0
-215 0 0
-205 1 1.70169e-05
-195 1 1.70169e-05
-185 3 5.10508e-05
-175 1 1.70169e-05
-165 1 1.70169e-05
-155 2 3.40339e-05
-145 2 3.40339e-05
-135 2 3.40339e-05
-125 2 3.40339e-05
-115 3 5.10508e-05
-105 1 1.70169e-05
-95 4 6.80677e-05
-85 2 3.40339e-05
-75 3 5.10508e-05
-65 2 3.40339e-05
-55 8 0.000136135
-45 4 6.80677e-05
-35 3 5.10508e-05
-25 2 3.40339e-05
-15 3 5.10508e-05
-5 2 3.40339e-05
5 5 8.50847e-05
15 9 0.000153152
25 5 8.50847e-05
35 3 5.10508e-05
45 4 6.80677e-05
55 8 0.000136135
65 8 0.000136135
75 9 0.000153152
85 8 0.000136135
95 7 0.000119119
105 8 0.000136135
115 12 0.000204203
125 11 0.000187186
135 10 0.000170169
145 14 0.000238237
155 9 0.000153152
165 14 0.000238237
175 6 0.000102102
185 16 0.000272271
195 22 0.000374373
205 19 0.000323322
215 18 0.000306305
225 19 0.000323322
235 22 0.000374373
245 28 0.000476474
255 22 0.000374373
265 25 0.000425423
275 29 0.000493491
285 32 0.000544542
295 24 0.000408406
305 31 0.000527525
315 19 0.000323322
325 29 0.000493491
335 28 0.000476474
345 25 0.000425423
355 31 0.000527525
365 34 0.000578576
375 46 0.000782779
385 42 0.000714711
395 41 0.000697694
405 44 0.000748745
415 28 0.000476474
425 55 0.000935931
435 37 0.000629626
445 48 0.000816813
455 39 0.00066366
465 47 0.000799796
475 46 0.000782779
485 59 0.001004
495 54 0.000918914
505 62 0.00105505
515 51 0.000867864
525 46 0.000782779
535 53 0.000901897
545 49 0.00083383
555 54 0.000918914
565 53 0.000901897
575 67 0.00114013
585 55 0.000935931
595 70 0.00119119
605 45 0.000765762
615 52 0.00088488
625 63 0.00107207
635 79 0.00134434
645 70 0.00119119
655 68 0.00115715
665 53 0.000901897
675 80 0.00136135
685 66 0.00112312
695 61 0.00103803
705 70 0.00119119
715 98 0.00166766
725 70 0.00119119
735 85 0.00144644
745 59 0.001004
755 84 0.00142942
765 82 0.00139539
775 82 0.00139539
785 91 0.00154854
795 64 0.00108908
805 80 0.00136135
815 76 0.00129329
825 74 0.00125925
835 73 0.00124224
845 83 0.00141241
855 78 0.00132732
865 81 0.00137837
875 69 0.00117417
885 69 0.00117417
895 76 0.00129329
905 70 0.00119119
915 82 0.00139539
925 66 0.00112312
935 73 0.00124224
945 47 0.000799796
955 59 0.001004
965 65 0.0011061
975 68 0.00115715
985 60 0.00102102
995 68 0.00115715
1005 56 0.000952948
1015 61 0.00103803
1025 55 0.000935931
1035 66 0.00112312
1045 50 0.000850847
1055 62 0.00105505
1065 47 0.000799796
1075 48 0.000816813
1085 37 0.000629626
1095 40 0.000680677
1105 47 0.000799796
1115 36 0.00061261
1125 40 0.000680677
1135 27 0.000459457
1145 31 0.000527525
1155 29 0.000493491
1165 26 0.00044244
1175 23 0.000391389
1185 18 0.000306305
1195 23 0.000391389
1205 21 0.000357356
1215 23 0.000391389
1225 22 0.000374373
1235 18 0.000306305
1245 14 0.000238237
1255 14 0.000238237
1265 15 0.000255254
1275 11 0.000187186
1285 21 0.000357356
1295 11 0.000187186
1305 17 0.000289288
1315 14 0.000238237
1325 14 0.000238237
1335 16 0.000272271
1345 15 0.000255254
1355 13 0.00022122
1365 8 0.000136135
1375 7 0.000119119
1385 4 6.80677e-05
1395 12 0.000204203
1405 8 0.000136135
1415 4 6.80677e-05
1425 6 0.000102102
1435 6 0.000102102
1445 5 8.50847e-05
1455 4 6.80677e-05
1465 5 8.50847e-05
1475 5 8.50847e-05
1485 5 8.50847e-05
1495 5 8.50847e-05
1505 1 1.70169e-05
1515 3 5.10508e-05
1525 2 3.40339e-05
1535 2 3.40339e-05
1545 3 5.10508e-05
1555 0 0
1565 2 3.40339e-05
1575 2 3.40339e-05
1585 3 5.10508e-05
1595 1 1.70169e-05
1605 1 1.70169e-05
1615 3 5.10508e-05
1625 2 3.40339e-05
1635 2 3.40339e-05
1645 1 1.70169e-05
1655 1 1.70169e-05
1665 0 0
1675 0 0
1685 0 0
1695 0 0
1705 1 1.70169e-05
1715 1 1.70169e-05
1725 0 0
1735 0 0
1745 2 3.40339e-05
1755 0 0
1765 0 0
1775 0 0
1785 0 0
1795 0 0
1805 1 1.70169e-05
1815 0 0
1825 0 0
1835 0 0
1845 0 0
1855 0 0
1865 0 0
1875 0 0
1885 0 0
1895 0 0
1905 1 1.70169e-05
1915 0 0
1925 0 0
1935 0 0
1945 0 0
1955 0 0
1965 0 0
1975 0 0
1985 0 0
1995 0 0
2005 0 0
2015 0 0
2025 0 0
2035 0 0
2045 0 0
2055 0 0
2065 0 0
2075 0 0
2085 1 1.70169e-05
2095 0 0
2105 0 0
2115 0 0
2125 0 0
2135 0 0
2145 0 0
2155 0 0
2165 0 0
2175 0 0
2185 0 0
2195 0 0
2205 0 0
2215 0 0
2225 0 0
2235 0 0
2245 0 0
2255 0 0
2265 0 0
2275 0 0
2285 0 0
2295 0 0
2305 0 0
2315 0 0
2325 0 0
2335 0 0
2345 0 0
2355 0 0
2365 0 0
2375 0 0
2385 0 0
2395 0 0
2405 0 0
2415 0 0
2425 0 0
2435 0 0
2445 0 0
2455 0 0
2465 0 0
2475 0 0
2485 0 0
2495 0 0
2505 0 0
2515 0 0
2525 0 0
2535 0 0
2545 0 0
2555 0 0
2565 0 0
2575 0 0
2585 0 0
2595 0 0
2605 0 0
2615 0 0
2625 0 0
2635 0 0
2645 0 0
