5 6 1.72761e-05
15 18 5.18284e-05
25 44 0.000126692
35 51 0.000146847
45 55 0.000158365
55 79 0.000227469
65 105 0.000302332
75 101 0.000290815
85 109 0.00031385
95 131 0.000377196
105 149 0.000429024
115 157 0.000452059
125 172 0.000495249
135 185 0.000532681
145 187 0.000538439
155 221 0.000636337
165 217 0.00062482
175 213 0.000613303
185 232 0.00066801
195 259 0.000745753
205 249 0.000716959
215 284 0.000817737
225 294 0.00084653
235 293 0.000843651
245 290 0.000835013
255 353 0.00101641
265 330 0.000950187
275 341 0.00098186
285 345 0.000993377
295 388 0.00111719
305 384 0.00110567
315 360 0.00103657
325 382 0.00109991
335 378 0.0010884
345 379 0.00109128
355 397 0.0011431
365 436 0.0012554
375 387 0.00111431
385 406 0.00116902
395 419 0.00120645
405 434 0.00124964
415 430 0.00123812
425 439 0.00126404
435 446 0.00128419
445 438 0.00126116
455 463 0.00133314
465 433 0.00124676
475 429 0.00123524
485 479 0.00137921
495 445 0.00128131
505 455 0.00131011
515 470 0.0013533
525 432 0.00124388
535 470 0.0013533
545 485 0.00139649
555 439 0.00126404
565 433 0.00124676
575 445 0.00128131
585 436 0.0012554
595 471 0.00135618
605 451 0.00129859
615 438 0.00126116
625 447 0.00128707
635 454 0.00130723
645 409 0.00117766
655 449 0.00129283
665 401 0.00115462
675 386 0.00111143
685 410 0.00118054
695 397 0.0011431
705 403 0.00116038
715 363 0.00104521
725 409 0.00117766
735 405 0.00116614
745 377 0.00108552
755 365 0.00105096
765 337 0.000970343
775 349 0.00100489
785 347 0.000999136
795 347 0.000999136
805 328 0.000944428
815 304 0.000875324
825 314 0.000904117
835 318 0.000915635
845 262 0.000754391
855 297 0.000855168
865 286 0.000823496
875 283 0.000814857
885 271 0.000780305
895 273 0.000786064
905 240 0.000691045
915 237 0.000682407
925 252 0.000725597
935 207 0.000596026
945 202 0.00058163
955 204 0.000587388
965 195 0.000561474
975 172 0.000495249
985 200 0.000575871
995 163 0.000469335
1005 175 0.000503887
1015 165 0.000475094
1025 156 0.000449179
1035 136 0.000391592
1045 138 0.000397351
1055 152 0.000437662
1065 116 0.000334005
1075 111 0.000319608
1085 129 0.000371437
1095 99 0.000285056
1105 115 0.000331126
1115 104 0.000299453
1125 99 0.000285056
1135 86 0.000247625
1145 87 0.000250504
1155 78 0.00022459
1165 77 0.00022171
1175 75 0.000215952
1185 69 0.000198675
1195 59 0.000169882
1205 46 0.00013245
1215 59 0.000169882
1225 50 0.000143968
1235 48 0.000138209
1245 37 0.000106536
1255 46 0.00013245
1265 24 6.91045e-05
1275 36 0.000103657
1285 25 7.19839e-05
1295 42 0.000120933
1305 35 0.000100777
1315 34 9.78981e-05
1325 30 8.63807e-05
1335 29 8.35013e-05
1345 30 8.63807e-05
1355 12 3.45523e-05
1365 16 4.60697e-05
1375 11 3.16729e-05
1385 13 3.74316e-05
1395 12 3.45523e-05
1405 11 3.16729e-05
1415 13 3.74316e-05
1425 7 2.01555e-05
1435 11 3.16729e-05
1445 10 2.87936e-05
1455 10 2.87936e-05
1465 5 1.43968e-05
1475 7 2.01555e-05
1485 10 2.87936e-05
1495 10 2.87936e-05
1505 7 2.01555e-05
1515 7 2.01555e-05
1525 6 1.72761e-05
1535 4 1.15174e-05
1545 5 1.43968e-05
1555 1 2.87936e-06
1565 6 1.72761e-05
1575 3 8.63807e-06
1585 2 5.75871e-06
1595 3 8.63807e-06
1605 0 0
1615 4 1.15174e-05
1625 0 0
1635 3 8.63807e-06
1645 4 1.15174e-05
1655 1 2.87936e-06
1665 3 8.63807e-06
1675 0 0
1685 1 2.87936e-06
1695 3 8.63807e-06
1705 0 0
1715 0 0
1725 1 2.87936e-06
1735 0 0
1745 1 2.87936e-06
1755 0 0
1765 0 0
1775 0 0
1785 0 0
1795 0 0
1805 0 0
1815 0 0
1825 0 0
1835 0 0
1845 0 0
1855 1 2.87936e-06
1865 1 2.87936e-06
1875 1 2.87936e-06
1885 0 0
1895 0 0
1905 0 0
1915 0 0
1925 0 0
1935 0 0
1945 0 0
1955 0 0
1965 0 0
1975 0 0
1985 0 0
1995 0 0
2005 0 0
2015 0 0
2025 0 0
2035 0 0
2045 0 0
2055 0 0
2065 0 0
2075 0 0
2085 0 0
2095 0 0
2105 0 0
2115 0 0
2125 0 0
2135 0 0
2145 0 0
2155 0 0
2165 0 0
2175 0 0
2185 0 0
2195 0 0
2205 0 0
2215 0 0
2225 0 0
2235 0 0
2245 0 0
2255 0 0
2265 0 0
2275 0 0
2285 0 0
2295 0 0
2305 0 0
2315 0 0
2325 0 0
2335 0 0
2345 0 0
2355 0 0
2365 0 0
2375 0 0
2385 0 0
2395 0 0
2405 0 0
2415 0 0
2425 0 0
2435 0 0
2445 0 0
2455 0 0
2465 0 0
2475 0 0
2485 0 0
2495 0 0
2505 0 0
2515 0 0
2525 0 0
2535 0 0
2545 0 0
2555 0 0
2565 0 0
2575 0 0
2585 0 0
2595 0 0
2605 0 0
2615 0 0
2625 0 0
2635 0 0
2645 0 0
