-2645 0 0
-2635 1 4.15704e-07
-2625 0 0
-2615 0 0
-2605 0 0
-2595 0 0
-2585 0 0
-2575 0 0
-2565 0 0
-2555 0 0
-2545 0 0
-2535 0 0
-2525 0 0
-2515 0 0
-2505 0 0
-2495 0 0
-2485 1 4.15704e-07
-2475 0 0
-2465 0 0
-2455 0 0
-2445 0 0
-2435 0 0
-2425 0 0
-2415 0 0
-2405 0 0
-2395 0 0
-2385 0 0
-2375 0 0
-2365 0 0
-2355 0 0
-2345 0 0
-2335 0 0
-2325 0 0
-2315 0 0
-2305 0 0
-2295 0 0
-2285 0 0
-2275 0 0
-2265 1 4.15704e-07
-2255 0 0
-2245 2 8.31407e-07
-2235 0 0
-2225 0 0
-2215 0 0
-2205 1 4.15704e-07
-2195 0 0
-2185 0 0
-2175 3 1.24711e-06
-2165 0 0
-2155 2 8.31407e-07
-2145 2 8.31407e-07
-2135 1 4.15704e-07
-2125 4 1.66281e-06
-2115 3 1.24711e-06
-2105 2 8.31407e-07
-2095 1 4.15704e-07
-2085 3 1.24711e-06
-2075 1 4.15704e-07
-2065 2 8.31407e-07
-2055 5 2.07852e-06
-2045 0 0
-2035 1 4.15704e-07
-2025 0 0
-2015 2 8.31407e-07
-2005 3 1.24711e-06
-1995 2 8.31407e-07
-1985 3 1.24711e-06
-1975 3 1.24711e-06
-1965 5 2.07852e-06
-1955 2 8.31407e-07
-1945 3 1.24711e-06
-1935 1 4.15704e-07
-1925 7 2.90993e-06
-1915 4 1.66281e-06
-1905 5 2.07852e-06
-1895 0 0
-1885 3 1.24711e-06
-1875 3 1.24711e-06
-1865 5 2.07852e-06
-1855 14 5.81985e-06
-1845 8 3.32563e-06
-1835 4 1.66281e-06
-1825 12 4.98844e-06
-1815 3 1.24711e-06
-1805 8 3.32563e-06
-1795 15 6.23555e-06
-1785 12 4.98844e-06
-1775 9 3.74133e-06
-1765 9 3.74133e-06
-1755 12 4.98844e-06
-1745 12 4.98844e-06
-1735 13 5.40415e-06
-1725 17 7.06696e-06
-1715 16 6.65126e-06
-1705 23 9.56118e-06
-1695 19 7.89837e-06
-1685 18 7.48267e-06
-1675 19 7.89837e-06
-1665 17 7.06696e-06
-1655 22 9.14548e-06
-1645 22 9.14548e-06
-1635 22 9.14548e-06
-1625 21 8.72978e-06
-1615 23 9.56118e-06
-1605 25 1.03926e-05
-1595 26 1.08083e-05
-1585 28 1.16397e-05
-1575 29 1.20554e-05
-1565 18 7.48267e-06
-1555 36 1.49653e-05
-1545 36 1.49653e-05
-1535 43 1.78753e-05
-1525 41 1.70438e-05
-1515 44 1.8291e-05
-1505 34 1.41339e-05
-1495 48 1.99538e-05
-1485 48 1.99538e-05
-1475 52 2.16166e-05
-1465 61 2.53579e-05
-1455 50 2.07852e-05
-1445 40 1.66281e-05
-1435 59 2.45265e-05
-1425 63 2.61893e-05
-1415 71 2.9515e-05
-1405 73 3.03464e-05
-1395 78 3.24249e-05
-1385 79 3.28406e-05
-1375 85 3.53348e-05
-1365 88 3.65819e-05
-1355 89 3.69976e-05
-1345 107 4.44803e-05
-1335 86 3.57505e-05
-1325 104 4.32332e-05
-1315 106 4.40646e-05
-1305 112 4.65588e-05
-1295 107 4.44803e-05
-1285 110 4.57274e-05
-1275 131 5.44572e-05
-1265 123 5.11315e-05
-1255 133 5.52886e-05
-1245 146 6.06927e-05
-1235 134 5.57043e-05
-1225 167 6.94225e-05
-1215 165 6.85911e-05
-1205 171 7.10853e-05
-1195 165 6.85911e-05
-1185 186 7.73209e-05
-1175 180 7.48267e-05
-1165 159 6.60969e-05
-1155 194 8.06465e-05
-1145 223 9.27019e-05
-1135 193 8.02308e-05
-1125 212 8.81292e-05
-1115 197 8.18936e-05
-1105 242 0.0001006
-1095 259 0.000107667
-1085 262 0.000108914
-1075 253 0.000105173
-1065 274 0.000113903
-1055 317 0.000131778
-1045 294 0.000122217
-1035 303 0.000125958
-1025 318 0.000132194
-1015 323 0.000134272
-1005 334 0.000138845
-995 339 0.000140924
-985 358 0.000148822
-975 379 0.000157552
-965 391 0.00016254
-955 398 0.00016545
-945 410 0.000170438
-935 443 0.000184157
-925 433 0.00018
-915 424 0.000176258
-905 474 0.000197044
-895 477 0.000198291
-885 447 0.00018582
-875 482 0.000200369
-865 555 0.000230716
-855 542 0.000225311
-845 551 0.000229053
-835 511 0.000212425
-825 539 0.000224064
-815 569 0.000236535
-805 582 0.00024194
-795 656 0.000272702
-785 658 0.000273533
-775 644 0.000267713
-765 687 0.000285588
-755 679 0.000282263
-745 677 0.000281431
-735 720 0.000299307
-725 720 0.000299307
-715 816 0.000339214
-705 750 0.000311778
-695 764 0.000317598
-685 777 0.000323002
-675 792 0.000329237
-665 776 0.000322586
-655 852 0.000354179
-645 883 0.000367066
-635 923 0.000383694
-625 899 0.000373718
-615 893 0.000371223
-605 948 0.000394087
-595 1001 0.000416119
-585 1041 0.000432747
-575 1056 0.000438983
-565 1009 0.000419445
-555 1018 0.000423186
-545 1044 0.000433995
-535 1063 0.000441893
-525 1079 0.000448544
-515 1159 0.0004818
-505 1149 0.000477643
-495 1110 0.000461431
-485 1133 0.000470992
-475 1228 0.000510484
-465 1181 0.000490946
-455 1230 0.000511315
-445 1265 0.000525865
-435 1290 0.000536258
-425 1267 0.000526696
-415 1337 0.000555796
-405 1354 0.000562863
-395 1296 0.000538752
-385 1408 0.000585311
-375 1385 0.00057575
-365 1413 0.000587389
-355 1474 0.000612747
-345 1413 0.000587389
-335 1459 0.000606512
-325 1415 0.000588221
-315 1560 0.000648498
-305 1535 0.000638105
-295 1517 0.000630622
-285 1581 0.000657227
-275 1592 0.0006618
-265 1572 0.000653486
-255 1590 0.000660969
-245 1573 0.000653902
-235 1695 0.000704618
-225 1612 0.000670114
-215 1589 0.000660553
-205 1591 0.000661384
-195 1670 0.000694225
-185 1703 0.000707943
-175 1651 0.000686327
-165 1726 0.000717504
-155 1735 0.000721246
-145 1657 0.000688821
-135 1775 0.000737874
-125 1725 0.000717089
-115 1686 0.000700876
-105 1723 0.000716257
-95 1770 0.000735795
-85 1771 0.000736211
-75 1736 0.000721661
-65 1761 0.000732054
-55 1680 0.000698382
-45 1747 0.000726234
-35 1764 0.000733301
-25 1754 0.000729144
-15 1828 0.000759906
-5 1802 0.000749098
5 1700 0.000706696
15 1756 0.000729976
25 1765 0.000733717
35 1720 0.00071501
45 1698 0.000705865
55 1753 0.000728728
65 1809 0.000752008
75 1787 0.000742862
85 1731 0.000719583
95 1764 0.000733301
105 1736 0.000721661
115 1758 0.000730807
125 1667 0.000692978
135 1712 0.000711685
145 1686 0.000700876
155 1686 0.000700876
165 1722 0.000715842
175 1629 0.000677181
185 1621 0.000673856
195 1657 0.000688821
205 1553 0.000645588
215 1673 0.000695472
225 1690 0.000702539
235 1644 0.000683417
245 1617 0.000672193
255 1589 0.000660553
265 1564 0.00065016
275 1559 0.000648082
285 1534 0.000637689
295 1515 0.000629791
305 1421 0.000590715
315 1505 0.000625634
325 1522 0.000632701
335 1446 0.000601107
345 1477 0.000613994
355 1379 0.000573255
365 1450 0.00060277
375 1366 0.000567851
385 1417 0.000589052
395 1267 0.000526696
405 1355 0.000563278
415 1272 0.000528775
425 1342 0.000557874
435 1254 0.000521292
445 1307 0.000543325
455 1220 0.000507158
465 1206 0.000501339
475 1152 0.000478891
485 1279 0.000531685
495 1164 0.000483879
505 1134 0.000471408
515 1171 0.000486789
525 1145 0.000475981
535 1064 0.000442309
545 1049 0.000436073
555 1075 0.000446881
565 1016 0.000422355
575 997 0.000414457
585 1003 0.000416951
595 964 0.000400738
605 970 0.000403233
615 939 0.000390346
625 901 0.000374549
635 865 0.000359584
645 854 0.000355011
655 838 0.00034836
665 846 0.000351685
675 801 0.000332979
685 789 0.00032799
695 774 0.000321755
705 823 0.000342124
715 722 0.000300138
725 774 0.000321755
735 688 0.000286004
745 675 0.0002806
755 672 0.000279353
765 671 0.000278937
775 578 0.000240277
785 629 0.000261478
795 620 0.000257736
805 603 0.000250669
815 544 0.000226143
825 573 0.000238198
835 541 0.000224896
845 573 0.000238198
855 537 0.000223233
865 496 0.000206189
875 488 0.000202863
885 460 0.000191224
895 443 0.000184157
905 458 0.000190392
915 479 0.000199122
925 425 0.000176674
935 448 0.000186235
945 431 0.000179168
955 364 0.000151316
965 348 0.000144665
975 372 0.000154642
985 374 0.000155473
995 344 0.000143002
1005 319 0.000132609
1015 322 0.000133857
1025 318 0.000132194
1035 318 0.000132194
1045 283 0.000117644
1055 293 0.000121801
1065 267 0.000110993
1075 259 0.000107667
1085 230 9.56118e-05
1095 245 0.000101847
1105 240 9.97689e-05
1115 219 9.10391e-05
1125 219 9.10391e-05
1135 236 9.81061e-05
1145 183 7.60738e-05
1155 216 8.9792e-05
1165 180 7.48267e-05
1175 187 7.77366e-05
1185 155 6.44341e-05
1195 182 7.56581e-05
1205 157 6.52655e-05
1215 144 5.98613e-05
1225 132 5.48729e-05
1235 154 6.40184e-05
1245 128 5.32101e-05
1255 132 5.48729e-05
1265 123 5.11315e-05
1275 148 6.15241e-05
1285 119 4.94687e-05
1295 110 4.57274e-05
1305 106 4.40646e-05
1315 98 4.0739e-05
1325 106 4.40646e-05
1335 84 3.49191e-05
1345 86 3.57505e-05
1355 86 3.57505e-05
1365 102 4.24018e-05
1375 73 3.03464e-05
1385 76 3.15935e-05
1395 82 3.40877e-05
1405 71 2.9515e-05
1415 64 2.6605e-05
1425 50 2.07852e-05
1435 58 2.41108e-05
1445 52 2.16166e-05
1455 59 2.45265e-05
1465 51 2.12009e-05
1475 54 2.2448e-05
1485 49 2.03695e-05
1495 46 1.91224e-05
1505 47 1.95381e-05
1515 49 2.03695e-05
1525 35 1.45496e-05
1535 47 1.95381e-05
1545 41 1.70438e-05
1555 37 1.5381e-05
1565 39 1.62124e-05
1575 26 1.08083e-05
1585 27 1.1224e-05
1595 33 1.37182e-05
1605 28 1.16397e-05
1615 24 9.97689e-06
1625 24 9.97689e-06
1635 17 7.06696e-06
1645 22 9.14548e-06
1655 14 5.81985e-06
1665 20 8.31407e-06
1675 32 1.33025e-05
1685 17 7.06696e-06
1695 25 1.03926e-05
1705 12 4.98844e-06
1715 10 4.15704e-06
1725 14 5.81985e-06
1735 7 2.90993e-06
1745 11 4.57274e-06
1755 9 3.74133e-06
1765 8 3.32563e-06
1775 9 3.74133e-06
1785 9 3.74133e-06
1795 10 4.15704e-06
1805 9 3.74133e-06
1815 8 3.32563e-06
1825 9 3.74133e-06
1835 9 3.74133e-06
1845 5 2.07852e-06
1855 6 2.49422e-06
1865 3 1.24711e-06
1875 5 2.07852e-06
1885 3 1.24711e-06
1895 5 2.07852e-06
1905 4 1.66281e-06
1915 6 2.49422e-06
1925 4 1.66281e-06
1935 3 1.24711e-06
1945 4 1.66281e-06
1955 3 1.24711e-06
1965 1 4.15704e-07
1975 2 8.31407e-07
1985 2 8.31407e-07
1995 5 2.07852e-06
2005 3 1.24711e-06
2015 2 8.31407e-07
2025 3 1.24711e-06
2035 1 4.15704e-07
2045 1 4.15704e-07
2055 2 8.31407e-07
2065 2 8.31407e-07
2075 1 4.15704e-07
2085 2 8.31407e-07
2095 1 4.15704e-07
2105 2 8.31407e-07
2115 1 4.15704e-07
2125 0 0
2135 2 8.31407e-07
2145 0 0
2155 2 8.31407e-07
2165 0 0
2175 2 8.31407e-07
2185 1 4.15704e-07
2195 1 4.15704e-07
2205 0 0
2215 1 4.15704e-07
2225 1 4.15704e-07
2235 0 0
2245 1 4.15704e-07
2255 0 0
2265 0 0
2275 0 0
2285 1 4.15704e-07
2295 0 0
2305 0 0
2315 0 0
2325 1 4.15704e-07
2335 0 0
2345 0 0
2355 0 0
2365 0 0
2375 1 4.15704e-07
2385 1 4.15704e-07
2395 0 0
2405 0 0
2415 0 0
2425 0 0
2435 0 0
2445 0 0
2455 0 0
2465 0 0
2475 0 0
2485 0 0
2495 0 0
2505 0 0
2515 0 0
2525 0 0
2535 0 0
2545 0 0
2555 0 0
2565 0 0
2575 0 0
2585 0 0
2595 0 0
2605 0 0
2615 0 0
2625 0 0
2635 0 0
2645 0 0
