0.1 0.613869 -1.26098 0.130682 0.378102
0.3 0.596467 0.318341 0.130682 0.378102
0.5 0.566625 0.483526 0.130682 0.378102
0.7 0.515327 0.452619 0.130682 0.378102
0.9 0.709833 0.373253 0.130682 0.378102
1.1 0.496131 0.417042 0.130682 0.378102
1.3 0.456509 0.352433 0.130682 0.378102
1.5 0.44389 0.408875 0.130682 0.378102
1.7 0.417649 0.349148 0.130682 0.378102
1.9 0.410199 0.288796 0.130682 0.378102
2.1 0.390595 0.429469 0.130682 0.378102
2.3 0.396159 0.362851 0.130682 0.378102
2.5 0.384236 0.510201 0.130682 0.378102
2.7 0.383825 0.20441 0.130682 0.378102
2.9 0.393046 0.785736 0.130682 0.378102
3.1 0.407003 -0.048099 0.130682 0.378102
3.3 0.369673 1.564 0.130682 0.378102
3.5 0.411235 -0.740463 0.130682 0.378102
3.7 0.379388 -1.56577 0.130682 0.378102
3.9 0.41385 2.83649 0.130682 0.378102
