0.1 0.302299 0.22206 0.221655 0.207296
0.3 0.297314 0.263005 0.221655 0.207296
0.5 0.266938 0.274424 0.221655 0.207296
0.7 0.243441 0.241589 0.221655 0.207296
0.9 0.226438 0.211175 0.221655 0.207296
1.1 0.214906 -0.0313979 0.221655 0.207296
1.3 0.204923 0.0234849 0.221655 0.207296
1.5 0.186958 0.155866 0.221655 0.207296
1.7 0.172154 0.0713984 0.221655 0.207296
1.9 0.151496 0.0836622 0.221655 0.207296
2.1 0.144814 0.167581 0.221655 0.207296
2.3 0.133073 -0.129767 0.221655 0.207296
2.5 0.124215 0.937817 0.221655 0.207296
2.7 0.113216 0.566871 0.221655 0.207296
2.9 0.0880458 -1.26748 0.221655 0.207296
3.1 0.106618 1.56972 0.221655 0.207296
3.3 0.0908419 0.0456753 0.221655 0.207296
3.5 -0.0150215 -2.96881 0.221655 0.207296
3.7 0.129442 -nan 0.221655 0.207296
3.9 0.0120168 -nan 0.221655 0.207296
