-1995 0 0
-1985 0 0
-1975 0 0
-1965 0 0
-1955 0 0
-1945 0 0
-1935 0 0
-1925 0 0
-1915 0 0
-1905 0 0
-1895 0 0
-1885 0 0
-1875 0 0
-1865 0 0
-1855 0 0
-1845 0 0
-1835 0 0
-1825 0 0
-1815 0 0
-1805 0 0
-1795 0 0
-1785 0 0
-1775 0 0
-1765 0 0
-1755 0 0
-1745 0 0
-1735 0 0
-1725 0 0
-1715 0 0
-1705 0 0
-1695 0 0
-1685 0 0
-1675 0 0
-1665 0 0
-1655 0 0
-1645 0 0
-1635 0 0
-1625 0 0
-1615 0 0
-1605 0 0
-1595 0 0
-1585 0 0
-1575 0 0
-1565 0 0
-1555 0 0
-1545 0 0
-1535 0 0
-1525 0 0
-1515 0 0
-1505 0 0
-1495 0 0
-1485 0 0
-1475 0 0
-1465 0 0
-1455 0 0
-1445 0 0
-1435 0 0
-1425 0 0
-1415 0 0
-1405 0 0
-1395 0 0
-1385 0 0
-1375 0 0
-1365 0 0
-1355 0 0
-1345 0 0
-1335 0 0
-1325 0 0
-1315 0 0
-1305 0 0
-1295 0 0
-1285 0 0
-1275 0 0
-1265 0 0
-1255 0 0
-1245 0 0
-1235 0 0
-1225 0 0
-1215 0 0
-1205 0 0
-1195 0 0
-1185 0 0
-1175 0 0
-1165 0 0
-1155 0 0
-1145 0 0
-1135 0 0
-1125 0 0
-1115 0 0
-1105 0 0
-1095 0 0
-1085 0 0
-1075 0 0
-1065 0 0
-1055 0 0
-1045 0 0
-1035 0 0
-1025 0 0
-1015 0 0
-1005 0 0
-995 0 0
-985 0 0
-975 0 0
-965 0 0
-955 0 0
-945 0 0
-935 0 0
-925 0 0
-915 0 0
-905 0 0
-895 0 0
-885 0 0
-875 0 0
-865 0 0
-855 0 0
-845 0 0
-835 0 0
-825 0 0
-815 0 0
-805 0 0
-795 0 0
-785 0 0
-775 0 0
-765 0 0
-755 0 0
-745 0 0
-735 0 0
-725 0 0
-715 0 0
-705 0 0
-695 0 0
-685 0 0
-675 0 0
-665 0 0
-655 0 0
-645 0 0
-635 0 0
-625 0 0
-615 0 0
-605 0 0
-595 0 0
-585 0 0
-575 0 0
-565 0 0
-555 0 0
-545 0 0
-535 0 0
-525 0 0
-515 0 0
-505 0 0
-495 0 0
-485 0 0
-475 0 0
-465 0 0
-455 0 0
-445 0 0
-435 0 0
-425 0 0
-415 0 0
-405 0 0
-395 0 0
-385 0 0
-375 0 0
-365 0 0
-355 0 0
-345 0 0
-335 0 0
-325 0 0
-315 0 0
-305 0 0
-295 0 0
-285 0 0
-275 0 0
-265 0 0
-255 0 0
-245 0 0
-235 0 0
-225 0 0
-215 0 0
-205 0 0
-195 0 0
-185 0 0
-175 0 0
-165 0 0
-155 0 0
-145 0 0
-135 0 0
-125 0 0
-115 0 0
-105 0 0
-95 0 0
-85 0 0
-75 0 0
-65 0 0
-55 0 0
-45 0 0
-35 0 0
-25 0 0
-15 0 0
-5 0 0
5 0 0
15 0 0
25 0 0
35 0 0
45 0 0
55 0 0
65 0 0
75 0 0
85 0 0
95 0 0
105 0 0
115 0 0
125 0 0
135 0 0
145 0 0
155 0 0
165 0 0
175 0 0
185 0 0
195 0 0
205 0 0
215 0 0
225 0 0
235 0 0
245 0 0
255 0 0
265 0 0
275 0 0
285 0 0
295 0 0
305 0 0
315 0 0
325 0 0
335 109203 0.1
345 0 0
355 0 0
365 0 0
375 0 0
385 0 0
395 0 0
405 0 0
415 0 0
425 0 0
435 0 0
445 0 0
455 0 0
465 0 0
475 0 0
485 0 0
495 0 0
505 0 0
515 0 0
525 0 0
535 0 0
545 0 0
555 0 0
565 0 0
575 0 0
585 0 0
595 0 0
605 0 0
615 0 0
625 0 0
635 0 0
645 0 0
655 0 0
665 0 0
675 0 0
685 0 0
695 0 0
705 0 0
715 0 0
725 0 0
735 0 0
745 0 0
755 0 0
765 0 0
775 0 0
785 0 0
795 0 0
805 0 0
815 0 0
825 0 0
835 0 0
845 0 0
855 0 0
865 0 0
875 0 0
885 0 0
895 0 0
905 0 0
915 0 0
925 0 0
935 0 0
945 0 0
955 0 0
965 0 0
975 0 0
985 0 0
995 0 0
1005 0 0
1015 0 0
1025 0 0
1035 0 0
1045 0 0
1055 0 0
1065 0 0
1075 0 0
1085 0 0
1095 0 0
1105 0 0
1115 0 0
1125 0 0
1135 0 0
1145 0 0
1155 0 0
1165 0 0
1175 0 0
1185 0 0
1195 0 0
1205 0 0
1215 0 0
1225 0 0
1235 0 0
1245 0 0
1255 0 0
1265 0 0
1275 0 0
1285 0 0
1295 0 0
1305 0 0
1315 0 0
1325 0 0
1335 0 0
1345 0 0
1355 0 0
1365 0 0
1375 0 0
1385 0 0
1395 0 0
1405 0 0
1415 0 0
1425 0 0
1435 0 0
1445 0 0
1455 0 0
1465 0 0
1475 0 0
1485 0 0
1495 0 0
1505 0 0
1515 0 0
1525 0 0
1535 0 0
1545 0 0
1555 0 0
1565 0 0
1575 0 0
1585 0 0
1595 0 0
1605 0 0
1615 0 0
1625 0 0
1635 0 0
1645 0 0
1655 0 0
1665 0 0
1675 0 0
1685 0 0
1695 0 0
1705 0 0
1715 0 0
1725 0 0
1735 0 0
1745 0 0
1755 0 0
1765 0 0
1775 0 0
1785 0 0
1795 0 0
1805 0 0
1815 0 0
1825 0 0
1835 0 0
1845 0 0
1855 0 0
1865 0 0
1875 0 0
1885 0 0
1895 0 0
1905 0 0
1915 0 0
1925 0 0
1935 0 0
1945 0 0
1955 0 0
1965 0 0
1975 0 0
1985 0 0
1995 0 0
