5 21 1.92321e-05
15 50 4.57907e-05
25 81 7.41809e-05
35 118 0.000108066
45 170 0.000155688
55 181 0.000165762
65 241 0.000220711
75 268 0.000245438
85 291 0.000266502
95 332 0.00030405
105 377 0.000345262
115 408 0.000373652
125 448 0.000410285
135 458 0.000419443
145 560 0.000512856
155 530 0.000485381
165 610 0.000558646
175 632 0.000578794
185 687 0.000629164
195 714 0.000653891
205 776 0.000710672
215 706 0.000646565
225 807 0.000739062
235 883 0.000808664
245 862 0.000789432
255 985 0.000902077
265 1022 0.000935962
275 1096 0.00100373
285 1166 0.00106784
295 1244 0.00113927
305 1368 0.00125283
315 1424 0.00130412
325 1546 0.00141585
335 1613 0.00147721
345 1758 0.00161
355 1857 0.00170067
365 1805 0.00165304
375 1922 0.00176019
385 1970 0.00180415
395 1912 0.00175104
405 1927 0.00176477
415 1916 0.0017547
425 1897 0.0017373
435 1879 0.00172081
445 1911 0.00175012
455 1766 0.00161733
465 1894 0.00173455
475 1880 0.00172173
485 2000 0.00183163
495 1838 0.00168327
505 1823 0.00166953
515 1865 0.00170799
525 1855 0.00169883
535 1865 0.00170799
545 1870 0.00171257
555 1900 0.00174005
565 1817 0.00166403
575 1825 0.00167136
585 1732 0.00158619
595 1741 0.00159443
605 1765 0.00161641
615 1700 0.00155688
625 1660 0.00152025
635 1654 0.00151476
645 1663 0.001523
655 1630 0.00149278
665 1660 0.00152025
675 1549 0.0014186
685 1468 0.00134441
695 1409 0.00129038
705 1401 0.00128306
715 1413 0.00129404
725 1297 0.00118781
735 1261 0.00115484
745 1109 0.00101564
755 1112 0.00101838
765 1058 0.000968931
775 980 0.000897498
785 932 0.000853538
795 908 0.000831559
805 822 0.000752799
815 769 0.000704261
825 725 0.000663965
835 638 0.000584289
845 605 0.000554067
855 600 0.000549488
865 524 0.000479886
875 512 0.000468897
885 404 0.000369989
895 421 0.000385558
905 409 0.000374568
915 358 0.000327861
925 353 0.000323282
935 328 0.000300387
945 298 0.000272913
955 275 0.000251849
965 226 0.000206974
975 243 0.000222543
985 231 0.000211553
995 199 0.000182247
1005 199 0.000182247
1015 142 0.000130046
1025 136 0.000124551
1035 118 0.000108066
1045 103 9.43288e-05
1055 92 8.42549e-05
1065 94 8.60865e-05
1075 76 6.96018e-05
1085 75 6.8686e-05
1095 54 4.94539e-05
1105 46 4.21274e-05
1115 48 4.39591e-05
1125 44 4.02958e-05
1135 38 3.48009e-05
1145 31 2.83902e-05
1155 23 2.10637e-05
1165 25 2.28953e-05
1175 25 2.28953e-05
1185 16 1.4653e-05
1195 15 1.37372e-05
1205 21 1.92321e-05
1215 11 1.0074e-05
1225 22 2.01479e-05
1235 5 4.57907e-06
1245 11 1.0074e-05
1255 12 1.09898e-05
1265 8 7.32651e-06
1275 2 1.83163e-06
1285 3 2.74744e-06
1295 2 1.83163e-06
1305 4 3.66326e-06
1315 6 5.49488e-06
1325 5 4.57907e-06
1335 5 4.57907e-06
1345 2 1.83163e-06
1355 2 1.83163e-06
1365 1 9.15814e-07
1375 0 0
1385 1 9.15814e-07
1395 1 9.15814e-07
1405 2 1.83163e-06
1415 0 0
1425 2 1.83163e-06
1435 1 9.15814e-07
1445 0 0
1455 0 0
1465 2 1.83163e-06
1475 0 0
1485 0 0
1495 1 9.15814e-07
1505 0 0
1515 0 0
1525 1 9.15814e-07
1535 0 0
1545 0 0
1555 0 0
1565 1 9.15814e-07
1575 0 0
1585 0 0
1595 0 0
1605 0 0
1615 0 0
1625 0 0
1635 0 0
1645 0 0
1655 0 0
1665 0 0
1675 0 0
1685 0 0
1695 0 0
1705 0 0
1715 0 0
1725 0 0
1735 0 0
1745 0 0
1755 0 0
1765 0 0
1775 0 0
1785 0 0
1795 0 0
1805 0 0
1815 0 0
1825 0 0
1835 0 0
1845 0 0
1855 0 0
1865 0 0
1875 0 0
1885 0 0
1895 0 0
1905 0 0
1915 0 0
1925 0 0
1935 0 0
1945 0 0
1955 0 0
1965 0 0
1975 0 0
1985 0 0
1995 0 0
