5 33 3.02235e-05
15 123 0.000112651
25 208 0.0001905
35 277 0.000253694
45 367 0.000336122
55 429 0.000392906
65 477 0.000436867
75 556 0.00050922
85 693 0.000634694
95 773 0.000707963
105 842 0.000771158
115 875 0.000801381
125 986 0.000903042
135 988 0.000904874
145 1101 0.00100837
155 1150 0.00105324
165 1264 0.00115765
175 1313 0.00120253
185 1395 0.00127763
195 1431 0.0013106
205 1355 0.001241
215 1506 0.00137929
225 1508 0.00138112
235 1657 0.00151759
245 1623 0.00148645
255 1684 0.00154232
265 1683 0.0015414
275 1740 0.0015936
285 1730 0.00158444
295 1827 0.00167328
305 1823 0.00166962
315 1823 0.00166962
325 1874 0.00171633
335 1845 0.00168977
345 1864 0.00170717
355 1812 0.00165955
365 1850 0.00169435
375 1884 0.00172549
385 1867 0.00170992
395 1895 0.00173556
405 1798 0.00164672
415 1921 0.00175938
425 1857 0.00170076
435 1794 0.00164306
445 1790 0.0016394
455 1804 0.00165222
465 1774 0.00162474
475 1675 0.00153407
485 1757 0.00160917
495 1709 0.00156521
505 1576 0.0014434
515 1545 0.00141501
525 1518 0.00139028
535 1491 0.00136555
545 1433 0.00131243
555 1453 0.00133075
565 1410 0.00129137
575 1418 0.0012987
585 1371 0.00125565
595 1337 0.00122451
605 1305 0.0011952
615 1202 0.00110087
625 1216 0.00111369
635 1205 0.00110362
645 1114 0.00102027
655 1016 0.000930518
665 1053 0.000964405
675 964 0.000882893
685 941 0.000861828
695 948 0.000868239
705 898 0.000822446
715 900 0.000824278
725 837 0.000766578
735 775 0.000709795
745 754 0.000690562
755 699 0.000640189
765 682 0.000624619
775 659 0.000603554
785 533 0.000488156
795 599 0.000548603
805 559 0.000511968
815 489 0.000447858
825 486 0.00044511
835 479 0.000438699
845 462 0.000423129
855 423 0.000387411
865 395 0.000361766
875 356 0.000326048
885 346 0.000316889
895 342 0.000313226
905 332 0.000304067
915 294 0.000269264
925 232 0.00021248
935 235 0.000215228
945 234 0.000214312
955 222 0.000203322
965 214 0.000195995
975 209 0.000191416
985 169 0.000154781
995 158 0.000144707
1005 159 0.000145622
1015 140 0.000128221
1025 111 0.000101661
1035 116 0.00010624
1045 97 8.88388e-05
1055 107 9.79975e-05
1065 96 8.7923e-05
1075 85 7.78485e-05
1085 84 7.69326e-05
1095 74 6.77739e-05
1105 59 5.4036e-05
1115 68 6.22788e-05
1125 50 4.57932e-05
1135 50 4.57932e-05
1145 48 4.39615e-05
1155 43 3.93822e-05
1165 32 2.93077e-05
1175 42 3.84663e-05
1185 25 2.28966e-05
1195 19 1.74014e-05
1205 22 2.0149e-05
1215 22 2.0149e-05
1225 15 1.3738e-05
1235 10 9.15864e-06
1245 10 9.15864e-06
1255 18 1.64856e-05
1265 16 1.46538e-05
1275 14 1.28221e-05
1285 8 7.32691e-06
1295 10 9.15864e-06
1305 9 8.24278e-06
1315 10 9.15864e-06
1325 5 4.57932e-06
1335 1 9.15864e-07
1345 5 4.57932e-06
1355 5 4.57932e-06
1365 3 2.74759e-06
1375 4 3.66346e-06
1385 4 3.66346e-06
1395 2 1.83173e-06
1405 1 9.15864e-07
1415 0 0
1425 2 1.83173e-06
1435 1 9.15864e-07
1445 1 9.15864e-07
1455 1 9.15864e-07
1465 0 0
1475 0 0
1485 1 9.15864e-07
1495 0 0
1505 0 0
1515 0 0
1525 0 0
1535 0 0
1545 0 0
1555 0 0
1565 0 0
1575 0 0
1585 0 0
1595 0 0
1605 0 0
1615 0 0
1625 0 0
1635 0 0
1645 0 0
1655 0 0
1665 0 0
1675 0 0
1685 0 0
1695 0 0
1705 0 0
1715 0 0
1725 0 0
1735 0 0
1745 0 0
1755 0 0
1765 0 0
1775 0 0
1785 0 0
1795 0 0
1805 0 0
1815 0 0
1825 0 0
1835 0 0
1845 0 0
1855 0 0
1865 0 0
1875 0 0
1885 0 0
1895 0 0
1905 0 0
1915 0 0
1925 0 0
1935 0 0
1945 0 0
1955 0 0
1965 0 0
1975 0 0
1985 0 0
1995 0 0
