-1995 0 0
-1985 0 0
-1975 0 0
-1965 0 0
-1955 0 0
-1945 0 0
-1935 0 0
-1925 0 0
-1915 0 0
-1905 0 0
-1895 0 0
-1885 0 0
-1875 0 0
-1865 0 0
-1855 0 0
-1845 0 0
-1835 0 0
-1825 0 0
-1815 0 0
-1805 0 0
-1795 0 0
-1785 0 0
-1775 0 0
-1765 0 0
-1755 0 0
-1745 0 0
-1735 0 0
-1725 0 0
-1715 0 0
-1705 0 0
-1695 0 0
-1685 0 0
-1675 0 0
-1665 0 0
-1655 0 0
-1645 0 0
-1635 0 0
-1625 0 0
-1615 0 0
-1605 0 0
-1595 0 0
-1585 0 0
-1575 0 0
-1565 0 0
-1555 0 0
-1545 0 0
-1535 0 0
-1525 0 0
-1515 0 0
-1505 0 0
-1495 0 0
-1485 0 0
-1475 0 0
-1465 0 0
-1455 0 0
-1445 0 0
-1435 0 0
-1425 0 0
-1415 0 0
-1405 0 0
-1395 0 0
-1385 0 0
-1375 0 0
-1365 0 0
-1355 0 0
-1345 0 0
-1335 0 0
-1325 0 0
-1315 0 0
-1305 0 0
-1295 0 0
-1285 1 9.20815e-07
-1275 0 0
-1265 0 0
-1255 0 0
-1245 0 0
-1235 0 0
-1225 0 0
-1215 0 0
-1205 0 0
-1195 0 0
-1185 0 0
-1175 0 0
-1165 1 9.20815e-07
-1155 0 0
-1145 0 0
-1135 0 0
-1125 0 0
-1115 0 0
-1105 0 0
-1095 0 0
-1085 1 9.20815e-07
-1075 0 0
-1065 0 0
-1055 0 0
-1045 0 0
-1035 1 9.20815e-07
-1025 0 0
-1015 0 0
-1005 1 9.20815e-07
-995 0 0
-985 1 9.20815e-07
-975 1 9.20815e-07
-965 1 9.20815e-07
-955 1 9.20815e-07
-945 0 0
-935 0 0
-925 3 2.76244e-06
-915 2 1.84163e-06
-905 1 9.20815e-07
-895 1 9.20815e-07
-885 2 1.84163e-06
-875 3 2.76244e-06
-865 1 9.20815e-07
-855 1 9.20815e-07
-845 4 3.68326e-06
-835 1 9.20815e-07
-825 3 2.76244e-06
-815 2 1.84163e-06
-805 3 2.76244e-06
-795 5 4.60407e-06
-785 5 4.60407e-06
-775 6 5.52489e-06
-765 6 5.52489e-06
-755 9 8.28733e-06
-745 7 6.4457e-06
-735 12 1.10498e-05
-725 12 1.10498e-05
-715 11 1.0129e-05
-705 9 8.28733e-06
-695 6 5.52489e-06
-685 12 1.10498e-05
-675 13 1.19706e-05
-665 13 1.19706e-05
-655 19 1.74955e-05
-645 17 1.56538e-05
-635 18 1.65747e-05
-625 11 1.0129e-05
-615 25 2.30204e-05
-605 15 1.38122e-05
-595 23 2.11787e-05
-585 14 1.28914e-05
-575 31 2.85453e-05
-565 21 1.93371e-05
-555 30 2.76244e-05
-545 30 2.76244e-05
-535 30 2.76244e-05
-525 36 3.31493e-05
-515 32 2.94661e-05
-505 49 4.51199e-05
-495 40 3.68326e-05
-485 45 4.14367e-05
-475 48 4.41991e-05
-465 65 5.98529e-05
-455 60 5.52489e-05
-445 73 6.72195e-05
-435 62 5.70905e-05
-425 75 6.90611e-05
-415 82 7.55068e-05
-405 102 9.39231e-05
-395 90 8.28733e-05
-385 101 9.30023e-05
-375 115 0.000105894
-365 113 0.000104052
-355 122 0.000112339
-345 142 0.000130756
-335 134 0.000123389
-325 143 0.000131676
-315 159 0.00014641
-305 153 0.000140885
-295 152 0.000139964
-285 189 0.000174034
-275 192 0.000176796
-265 201 0.000185084
-255 181 0.000166667
-245 206 0.000189688
-235 223 0.000205342
-225 251 0.000231124
-215 252 0.000232045
-205 263 0.000242174
-195 277 0.000255066
-185 279 0.000256907
-175 305 0.000280848
-165 299 0.000275324
-155 321 0.000295581
-145 331 0.00030479
-135 356 0.00032781
-125 321 0.000295581
-115 383 0.000352672
-105 401 0.000369247
-95 400 0.000368326
-85 403 0.000371088
-75 376 0.000346226
-65 430 0.00039595
-55 437 0.000402396
-45 499 0.000459486
-35 477 0.000439229
-25 546 0.000502765
-15 560 0.000515656
-5 577 0.00053131
5 630 0.000580113
15 637 0.000586559
25 763 0.000702582
35 784 0.000721919
45 826 0.000760593
55 935 0.000860962
65 901 0.000829654
75 1011 0.000930944
85 1072 0.000987113
95 1061 0.000976984
105 1165 0.00107275
115 1139 0.00104881
125 1157 0.00106538
135 1201 0.0011059
145 1196 0.00110129
155 1251 0.00115194
165 1241 0.00114273
175 1338 0.00123205
185 1342 0.00123573
195 1337 0.00123113
205 1332 0.00122652
215 1352 0.00124494
225 1371 0.00126244
235 1407 0.00129559
245 1503 0.00138398
255 1456 0.00134071
265 1418 0.00130572
275 1513 0.00139319
285 1454 0.00133886
295 1441 0.00132689
305 1472 0.00135544
315 1450 0.00133518
325 1485 0.00136741
335 1483 0.00136557
345 1552 0.0014291
355 1507 0.00138767
365 1463 0.00134715
375 1605 0.00147791
385 1508 0.00138859
395 1506 0.00138675
405 1458 0.00134255
415 1548 0.00142542
425 1502 0.00138306
435 1455 0.00133979
445 1452 0.00133702
455 1430 0.00131676
465 1438 0.00132413
475 1446 0.0013315
485 1481 0.00136373
495 1384 0.00127441
505 1407 0.00129559
515 1345 0.0012385
525 1432 0.00131861
535 1282 0.00118048
545 1324 0.00121916
555 1245 0.00114641
565 1248 0.00114918
575 1192 0.00109761
585 1146 0.00105525
595 1177 0.0010838
605 1130 0.00104052
615 1104 0.00101658
625 1000 0.000920815
635 999 0.000919894
645 1022 0.000941072
655 978 0.000900557
665 893 0.000822287
675 863 0.000794663
685 825 0.000759672
695 770 0.000709027
705 765 0.000704423
715 752 0.000692453
725 662 0.000609579
735 657 0.000604975
745 547 0.000503686
755 490 0.000451199
765 488 0.000449358
775 459 0.000422654
785 424 0.000390425
795 365 0.000336097
805 332 0.00030571
815 298 0.000274403
825 291 0.000267957
835 277 0.000255066
845 227 0.000209025
855 221 0.0002035
865 192 0.000176796
875 169 0.000155618
885 160 0.00014733
895 177 0.000162984
905 138 0.000127072
915 150 0.000138122
925 132 0.000121548
935 113 0.000104052
945 94 8.65566e-05
955 99 9.11606e-05
965 73 6.72195e-05
975 81 7.4586e-05
985 61 5.61697e-05
995 54 4.9724e-05
1005 46 4.23575e-05
1015 49 4.51199e-05
1025 39 3.59118e-05
1035 32 2.94661e-05
1045 32 2.94661e-05
1055 27 2.4862e-05
1065 29 2.67036e-05
1075 25 2.30204e-05
1085 14 1.28914e-05
1095 13 1.19706e-05
1105 17 1.56538e-05
1115 12 1.10498e-05
1125 18 1.65747e-05
1135 7 6.4457e-06
1145 13 1.19706e-05
1155 8 7.36652e-06
1165 6 5.52489e-06
1175 8 7.36652e-06
1185 7 6.4457e-06
1195 5 4.60407e-06
1205 8 7.36652e-06
1215 4 3.68326e-06
1225 3 2.76244e-06
1235 3 2.76244e-06
1245 1 9.20815e-07
1255 3 2.76244e-06
1265 2 1.84163e-06
1275 2 1.84163e-06
1285 0 0
1295 1 9.20815e-07
1305 0 0
1315 2 1.84163e-06
1325 2 1.84163e-06
1335 0 0
1345 0 0
1355 0 0
1365 0 0
1375 0 0
1385 0 0
1395 0 0
1405 0 0
1415 0 0
1425 1 9.20815e-07
1435 0 0
1445 0 0
1455 0 0
1465 0 0
1475 0 0
1485 0 0
1495 0 0
1505 0 0
1515 0 0
1525 0 0
1535 0 0
1545 0 0
1555 0 0
1565 0 0
1575 0 0
1585 0 0
1595 0 0
1605 0 0
1615 0 0
1625 0 0
1635 0 0
1645 0 0
1655 0 0
1665 0 0
1675 0 0
1685 0 0
1695 0 0
1705 0 0
1715 0 0
1725 0 0
1735 0 0
1745 0 0
1755 0 0
1765 0 0
1775 0 0
1785 0 0
1795 0 0
1805 0 0
1815 0 0
1825 0 0
1835 0 0
1845 0 0
1855 0 0
1865 0 0
1875 0 0
1885 0 0
1895 0 0
1905 0 0
1915 0 0
1925 0 0
1935 0 0
1945 0 0
1955 0 0
1965 0 0
1975 0 0
1985 0 0
1995 0 0
