-1995 0 0
-1985 0 0
-1975 0 0
-1965 0 0
-1955 0 0
-1945 0 0
-1935 0 0
-1925 0 0
-1915 0 0
-1905 0 0
-1895 0 0
-1885 0 0
-1875 0 0
-1865 0 0
-1855 0 0
-1845 0 0
-1835 0 0
-1825 0 0
-1815 0 0
-1805 0 0
-1795 0 0
-1785 0 0
-1775 0 0
-1765 0 0
-1755 0 0
-1745 0 0
-1735 0 0
-1725 0 0
-1715 0 0
-1705 0 0
-1695 0 0
-1685 0 0
-1675 0 0
-1665 0 0
-1655 0 0
-1645 0 0
-1635 0 0
-1625 0 0
-1615 0 0
-1605 0 0
-1595 0 0
-1585 0 0
-1575 0 0
-1565 0 0
-1555 0 0
-1545 0 0
-1535 0 0
-1525 0 0
-1515 0 0
-1505 0 0
-1495 0 0
-1485 0 0
-1475 0 0
-1465 0 0
-1455 0 0
-1445 0 0
-1435 0 0
-1425 0 0
-1415 0 0
-1405 0 0
-1395 0 0
-1385 0 0
-1375 0 0
-1365 0 0
-1355 0 0
-1345 0 0
-1335 0 0
-1325 0 0
-1315 0 0
-1305 0 0
-1295 0 0
-1285 0 0
-1275 0 0
-1265 0 0
-1255 1 9.2462e-07
-1245 0 0
-1235 0 0
-1225 0 0
-1215 0 0
-1205 0 0
-1195 0 0
-1185 0 0
-1175 0 0
-1165 1 9.2462e-07
-1155 0 0
-1145 0 0
-1135 0 0
-1125 0 0
-1115 0 0
-1105 0 0
-1095 0 0
-1085 0 0
-1075 1 9.2462e-07
-1065 1 9.2462e-07
-1055 1 9.2462e-07
-1045 4 3.69848e-06
-1035 0 0
-1025 0 0
-1015 0 0
-1005 1 9.2462e-07
-995 1 9.2462e-07
-985 1 9.2462e-07
-975 1 9.2462e-07
-965 1 9.2462e-07
-955 2 1.84924e-06
-945 2 1.84924e-06
-935 3 2.77386e-06
-925 1 9.2462e-07
-915 3 2.77386e-06
-905 3 2.77386e-06
-895 6 5.54772e-06
-885 1 9.2462e-07
-875 3 2.77386e-06
-865 6 5.54772e-06
-855 3 2.77386e-06
-845 4 3.69848e-06
-835 4 3.69848e-06
-825 3 2.77386e-06
-815 3 2.77386e-06
-805 3 2.77386e-06
-795 7 6.47234e-06
-785 11 1.01708e-05
-775 5 4.6231e-06
-765 5 4.6231e-06
-755 6 5.54772e-06
-745 12 1.10954e-05
-735 14 1.29447e-05
-725 17 1.57185e-05
-715 19 1.75678e-05
-705 20 1.84924e-05
-695 20 1.84924e-05
-685 12 1.10954e-05
-675 21 1.9417e-05
-665 18 1.66432e-05
-655 16 1.47939e-05
-645 37 3.4211e-05
-635 25 2.31155e-05
-625 34 3.14371e-05
-615 43 3.97587e-05
-605 43 3.97587e-05
-595 40 3.69848e-05
-585 58 5.3628e-05
-575 42 3.88341e-05
-565 55 5.08541e-05
-555 73 6.74973e-05
-545 61 5.64018e-05
-535 59 5.45526e-05
-525 72 6.65727e-05
-515 88 8.13666e-05
-505 72 6.65727e-05
-495 89 8.22912e-05
-485 83 7.67435e-05
-475 93 8.59897e-05
-465 115 0.000106331
-455 123 0.000113728
-445 133 0.000122975
-435 126 0.000116502
-425 142 0.000131296
-415 156 0.000144241
-405 138 0.000127598
-395 175 0.000161809
-385 186 0.000171979
-375 185 0.000171055
-365 218 0.000201567
-355 193 0.000178452
-345 223 0.00020619
-335 238 0.00022006
-325 270 0.000249647
-315 291 0.000269065
-305 314 0.000290331
-295 272 0.000251497
-285 320 0.000295879
-275 337 0.000311597
-265 342 0.00031622
-255 357 0.000330089
-245 385 0.000355979
-235 384 0.000355054
-225 427 0.000394813
-215 410 0.000379094
-205 478 0.000441969
-195 525 0.000485426
-185 521 0.000481727
-175 529 0.000489124
-165 518 0.000478953
-155 646 0.000597305
-145 659 0.000609325
-135 701 0.000648159
-125 714 0.000660179
-115 757 0.000699938
-105 724 0.000669425
-95 781 0.000722128
-85 808 0.000747093
-75 926 0.000856198
-65 850 0.000785927
-55 941 0.000870068
-45 942 0.000870992
-35 924 0.000854349
-25 996 0.000920922
-15 960 0.000887636
-5 1033 0.000955133
5 1068 0.000987495
15 1082 0.00100044
25 1148 0.00106146
35 1182 0.0010929
45 1162 0.00107441
55 1176 0.00108735
65 1294 0.00119646
75 1204 0.00111324
85 1332 0.00123159
95 1340 0.00123899
105 1236 0.00114283
115 1316 0.0012168
125 1336 0.00123529
135 1427 0.00131943
145 1401 0.00129539
155 1412 0.00130556
165 1515 0.0014008
175 1435 0.00132683
185 1535 0.00141929
195 1544 0.00142761
205 1480 0.00136844
215 1512 0.00139803
225 1553 0.00143594
235 1597 0.00147662
245 1592 0.001472
255 1605 0.00148402
265 1563 0.00144518
275 1584 0.0014646
285 1570 0.00145165
295 1665 0.00153949
305 1610 0.00148864
315 1625 0.00150251
325 1560 0.00144241
335 1600 0.00147939
345 1679 0.00155244
355 1595 0.00147477
365 1540 0.00142392
375 1561 0.00144333
385 1553 0.00143594
395 1540 0.00142392
405 1569 0.00145073
415 1475 0.00136381
425 1377 0.0012732
435 1297 0.00119923
445 1136 0.00105037
455 1193 0.00110307
465 1140 0.00105407
475 1054 0.00097455
485 1042 0.000963454
495 1042 0.000963454
505 929 0.000858972
515 916 0.000846952
525 897 0.000829384
535 842 0.00077853
545 798 0.000737847
555 734 0.000678671
565 734 0.000678671
575 683 0.000631516
585 694 0.000641687
595 605 0.000559395
605 610 0.000564018
615 521 0.000481727
625 533 0.000492823
635 470 0.000434572
645 447 0.000413305
655 375 0.000346733
665 388 0.000358753
675 318 0.000294029
685 339 0.000313446
695 285 0.000263517
705 300 0.000277386
715 247 0.000228381
725 231 0.000213587
735 207 0.000191396
745 206 0.000190472
755 196 0.000181226
765 164 0.000151638
775 161 0.000148864
785 145 0.00013407
795 149 0.000137768
805 114 0.000105407
815 123 0.000113728
825 91 8.41404e-05
835 92 8.50651e-05
845 98 9.06128e-05
855 90 8.32158e-05
865 81 7.48942e-05
875 64 5.91757e-05
885 55 5.08541e-05
895 49 4.53064e-05
905 59 5.45526e-05
915 38 3.51356e-05
925 39 3.60602e-05
935 39 3.60602e-05
945 34 3.14371e-05
955 24 2.21909e-05
965 25 2.31155e-05
975 24 2.21909e-05
985 21 1.9417e-05
995 15 1.38693e-05
1005 11 1.01708e-05
1015 11 1.01708e-05
1025 6 5.54772e-06
1035 11 1.01708e-05
1045 4 3.69848e-06
1055 14 1.29447e-05
1065 6 5.54772e-06
1075 8 7.39696e-06
1085 7 6.47234e-06
1095 4 3.69848e-06
1105 8 7.39696e-06
1115 3 2.77386e-06
1125 4 3.69848e-06
1135 4 3.69848e-06
1145 1 9.2462e-07
1155 3 2.77386e-06
1165 4 3.69848e-06
1175 1 9.2462e-07
1185 0 0
1195 2 1.84924e-06
1205 3 2.77386e-06
1215 2 1.84924e-06
1225 0 0
1235 0 0
1245 2 1.84924e-06
1255 0 0
1265 0 0
1275 0 0
1285 0 0
1295 2 1.84924e-06
1305 0 0
1315 1 9.2462e-07
1325 0 0
1335 1 9.2462e-07
1345 0 0
1355 0 0
1365 0 0
1375 0 0
1385 0 0
1395 0 0
1405 0 0
1415 0 0
1425 0 0
1435 0 0
1445 0 0
1455 0 0
1465 0 0
1475 0 0
1485 0 0
1495 0 0
1505 0 0
1515 0 0
1525 0 0
1535 0 0
1545 0 0
1555 0 0
1565 0 0
1575 0 0
1585 0 0
1595 0 0
1605 0 0
1615 0 0
1625 0 0
1635 0 0
1645 0 0
1655 0 0
1665 0 0
1675 0 0
1685 0 0
1695 0 0
1705 0 0
1715 0 0
1725 0 0
1735 0 0
1745 0 0
1755 0 0
1765 0 0
1775 0 0
1785 0 0
1795 0 0
1805 0 0
1815 0 0
1825 0 0
1835 0 0
1845 0 0
1855 0 0
1865 0 0
1875 0 0
1885 0 0
1895 0 0
1905 0 0
1915 0 0
1925 0 0
1935 0 0
1945 0 0
1955 0 0
1965 0 0
1975 0 0
1985 0 0
1995 0 0
