-1995 0 0
-1985 0 0
-1975 0 0
-1965 0 0
-1955 0 0
-1945 0 0
-1935 0 0
-1925 6 1.75575e-05
-1915 0 0
-1905 0 0
-1895 0 0
-1885 0 0
-1875 0 0
-1865 0 0
-1855 0 0
-1845 0 0
-1835 0 0
-1825 0 0
-1815 0 0
-1805 0 0
-1795 0 0
-1785 0 0
-1775 0 0
-1765 0 0
-1755 0 0
-1745 0 0
-1735 0 0
-1725 0 0
-1715 6 1.75575e-05
-1705 0 0
-1695 0 0
-1685 6 1.75575e-05
-1675 0 0
-1665 0 0
-1655 6 1.75575e-05
-1645 0 0
-1635 0 0
-1625 0 0
-1615 0 0
-1605 0 0
-1595 0 0
-1585 0 0
-1575 0 0
-1565 12 3.51149e-05
-1555 0 0
-1545 0 0
-1535 0 0
-1525 0 0
-1515 0 0
-1505 6 1.75575e-05
-1495 8 2.341e-05
-1485 12 3.51149e-05
-1475 0 0
-1465 0 0
-1455 12 3.51149e-05
-1445 0 0
-1435 0 0
-1425 0 0
-1415 0 0
-1405 12 3.51149e-05
-1395 0 0
-1385 12 3.51149e-05
-1375 0 0
-1365 6 1.75575e-05
-1355 6 1.75575e-05
-1345 12 3.51149e-05
-1335 0 0
-1325 6 1.75575e-05
-1315 12 3.51149e-05
-1305 12 3.51149e-05
-1295 0 0
-1285 22 6.43774e-05
-1275 6 1.75575e-05
-1265 0 0
-1255 18 5.26724e-05
-1245 12 3.51149e-05
-1235 6 1.75575e-05
-1225 0 0
-1215 18 5.26724e-05
-1205 18 5.26724e-05
-1195 6 1.75575e-05
-1185 18 5.26724e-05
-1175 0 0
-1165 6 1.75575e-05
-1155 6 1.75575e-05
-1145 0 0
-1135 18 5.26724e-05
-1125 12 3.51149e-05
-1115 22 6.43774e-05
-1105 30 8.77873e-05
-1095 11 3.21887e-05
-1085 12 3.51149e-05
-1075 6 1.75575e-05
-1065 42 0.000122902
-1055 30 8.77873e-05
-1045 18 5.26724e-05
-1035 13 3.80412e-05
-1025 18 5.26724e-05
-1015 18 5.26724e-05
-1005 60 0.000175575
-995 42 0.000122902
-985 30 8.77873e-05
-975 52 0.000152165
-965 19 5.55986e-05
-955 31 9.07136e-05
-945 54 0.000158017
-935 24 7.02299e-05
-925 17 4.97461e-05
-915 60 0.000175575
-905 31 9.07136e-05
-895 43 0.000125828
-885 44 0.000128755
-875 62 0.000181427
-865 66 0.000193132
-855 38 0.000111197
-845 56 0.00016387
-835 71 0.000207763
-825 28 8.19348e-05
-815 61 0.000178501
-805 81 0.000237026
-795 71 0.000207763
-785 48 0.00014046
-775 81 0.000237026
-765 96 0.000280919
-755 78 0.000228247
-745 84 0.000245804
-735 60 0.000175575
-725 90 0.000263362
-715 73 0.000213616
-705 70 0.000204837
-695 69 0.000201911
-685 123 0.000359928
-675 114 0.000333592
-665 105 0.000307256
-655 108 0.000316034
-645 179 0.000523798
-635 95 0.000277993
-625 99 0.000289698
-615 120 0.000351149
-605 74 0.000216542
-595 113 0.000330666
-585 125 0.000365781
-575 195 0.000570618
-565 141 0.0004126
-555 192 0.000561839
-545 130 0.000380412
-535 194 0.000567691
-525 84 0.000245804
-515 138 0.000403822
-505 192 0.000561839
-495 167 0.000488683
-485 180 0.000526724
-475 150 0.000438937
-465 210 0.000614511
-455 157 0.00045942
-445 185 0.000541355
-435 185 0.000541355
-425 190 0.000555986
-415 203 0.000594028
-405 165 0.00048283
-395 167 0.000488683
-385 234 0.000684741
-375 230 0.000673036
-365 154 0.000450642
-355 185 0.000541355
-345 244 0.000714004
-335 271 0.000793012
-325 245 0.00071693
-315 275 0.000804717
-305 273 0.000798865
-295 205 0.00059988
-285 252 0.000737413
-275 255 0.000746192
-265 394 0.00115294
-255 285 0.00083398
-245 255 0.000746192
-235 236 0.000690594
-225 268 0.000784233
-215 306 0.000895431
-205 292 0.000854463
-195 271 0.000793012
-185 282 0.000825201
-175 255 0.000746192
-165 312 0.000912988
-155 255 0.000746192
-145 216 0.000632069
-135 312 0.000912988
-125 284 0.000831053
-115 250 0.000731561
-105 235 0.000687667
-95 306 0.000895431
-85 228 0.000667184
-75 291 0.000851537
-65 325 0.000951029
-55 301 0.000880799
-45 215 0.000629142
-35 230 0.000673036
-25 300 0.000877873
-15 381 0.0011149
-5 257 0.000752045
5 248 0.000725709
15 212 0.000620364
25 326 0.000953956
35 292 0.000854463
45 268 0.000784233
55 264 0.000772528
65 257 0.000752045
75 288 0.000842758
85 316 0.000924693
95 320 0.000936398
105 282 0.000825201
115 222 0.000649626
125 288 0.000842758
135 348 0.00101833
145 266 0.000778381
155 267 0.000781307
165 297 0.000869094
175 178 0.000520871
185 273 0.000798865
195 230 0.000673036
205 225 0.000658405
215 306 0.000895431
225 287 0.000839832
235 264 0.000772528
245 295 0.000863242
255 346 0.00101248
265 220 0.000643774
275 217 0.000634995
285 271 0.000793012
295 216 0.000632069
305 257 0.000752045
315 175 0.000512093
325 255 0.000746192
335 152 0.000444789
345 235 0.000687667
355 194 0.000567691
365 171 0.000500388
375 179 0.000523798
385 230 0.000673036
395 187 0.000547208
405 258 0.000754971
415 203 0.000594028
425 245 0.00071693
435 183 0.000535503
445 234 0.000684741
455 164 0.000479904
465 129 0.000377485
475 238 0.000696446
485 167 0.000488683
495 162 0.000474052
505 178 0.000520871
515 166 0.000485757
525 200 0.000585249
535 155 0.000453568
545 126 0.000368707
555 138 0.000403822
565 171 0.000500388
575 156 0.000456494
585 156 0.000456494
595 147 0.000430158
605 95 0.000277993
615 60 0.000175575
625 109 0.000318961
635 130 0.000380412
645 105 0.000307256
655 178 0.000520871
665 132 0.000386264
675 109 0.000318961
685 120 0.000351149
695 72 0.00021069
705 71 0.000207763
715 69 0.000201911
725 79 0.000231173
735 95 0.000277993
745 92 0.000269214
755 57 0.000166796
765 146 0.000427232
775 78 0.000228247
785 97 0.000283846
795 102 0.000298477
805 64 0.00018728
815 68 0.000198985
825 79 0.000231173
835 60 0.000175575
845 64 0.00018728
855 89 0.000260436
865 50 0.000146312
875 24 7.02299e-05
885 40 0.00011705
895 42 0.000122902
905 31 9.07136e-05
915 48 0.00014046
925 34 9.94923e-05
935 24 7.02299e-05
945 35 0.000102419
955 36 0.000105345
965 46 0.000134607
975 49 0.000143386
985 53 0.000155091
995 17 4.97461e-05
1005 36 0.000105345
1015 42 0.000122902
1025 30 8.77873e-05
1035 18 5.26724e-05
1045 23 6.73036e-05
1055 12 3.51149e-05
1065 30 8.77873e-05
1075 18 5.26724e-05
1085 30 8.77873e-05
1095 6 1.75575e-05
1105 27 7.90086e-05
1115 45 0.000131681
1125 12 3.51149e-05
1135 18 5.26724e-05
1145 18 5.26724e-05
1155 18 5.26724e-05
1165 20 5.85249e-05
1175 12 3.51149e-05
1185 13 3.80412e-05
1195 5 1.46312e-05
1205 18 5.26724e-05
1215 0 0
1225 6 1.75575e-05
1235 6 1.75575e-05
1245 12 3.51149e-05
1255 0 0
1265 6 1.75575e-05
1275 16 4.68199e-05
1285 6 1.75575e-05
1295 6 1.75575e-05
1305 6 1.75575e-05
1315 11 3.21887e-05
1325 6 1.75575e-05
1335 0 0
1345 12 3.51149e-05
1355 6 1.75575e-05
1365 0 0
1375 0 0
1385 0 0
1395 6 1.75575e-05
1405 0 0
1415 6 1.75575e-05
1425 6 1.75575e-05
1435 6 1.75575e-05
1445 6 1.75575e-05
1455 0 0
1465 0 0
1475 6 1.75575e-05
1485 0 0
1495 0 0
1505 0 0
1515 0 0
1525 0 0
1535 0 0
1545 0 0
1555 0 0
1565 0 0
1575 6 1.75575e-05
1585 0 0
1595 0 0
1605 0 0
1615 0 0
1625 0 0
1635 0 0
1645 0 0
1655 0 0
1665 0 0
1675 0 0
1685 6 1.75575e-05
1695 0 0
1705 0 0
1715 0 0
1725 6 1.75575e-05
1735 0 0
1745 0 0
1755 0 0
1765 0 0
1775 0 0
1785 0 0
1795 0 0
1805 0 0
1815 0 0
1825 0 0
1835 0 0
1845 0 0
1855 0 0
1865 0 0
1875 0 0
1885 0 0
1895 0 0
1905 0 0
1915 0 0
1925 0 0
1935 0 0
1945 0 0
1955 0 0
1965 0 0
1975 0 0
1985 0 0
1995 0 0
