-1995 0 0
-1985 0 0
-1975 0 0
-1965 0 0
-1955 0 0
-1945 0 0
-1935 0 0
-1925 0 0
-1915 0 0
-1905 0 0
-1895 0 0
-1885 0 0
-1875 0 0
-1865 0 0
-1855 0 0
-1845 0 0
-1835 0 0
-1825 0 0
-1815 0 0
-1805 1 2.92761e-06
-1795 0 0
-1785 0 0
-1775 0 0
-1765 0 0
-1755 0 0
-1745 6 1.75657e-05
-1735 0 0
-1725 0 0
-1715 0 0
-1705 0 0
-1695 0 0
-1685 0 0
-1675 6 1.75657e-05
-1665 0 0
-1655 0 0
-1645 0 0
-1635 0 0
-1625 0 0
-1615 0 0
-1605 0 0
-1595 0 0
-1585 0 0
-1575 0 0
-1565 0 0
-1555 6 1.75657e-05
-1545 0 0
-1535 0 0
-1525 0 0
-1515 0 0
-1505 0 0
-1495 6 1.75657e-05
-1485 0 0
-1475 0 0
-1465 0 0
-1455 0 0
-1445 0 0
-1435 0 0
-1425 0 0
-1415 2 5.85523e-06
-1405 0 0
-1395 0 0
-1385 6 1.75657e-05
-1375 0 0
-1365 12 3.51314e-05
-1355 4 1.17105e-05
-1345 12 3.51314e-05
-1335 6 1.75657e-05
-1325 12 3.51314e-05
-1315 12 3.51314e-05
-1305 0 0
-1295 0 0
-1285 12 3.51314e-05
-1275 0 0
-1265 12 3.51314e-05
-1255 6 1.75657e-05
-1245 6 1.75657e-05
-1235 12 3.51314e-05
-1225 30 8.78284e-05
-1215 7 2.04933e-05
-1205 12 3.51314e-05
-1195 6 1.75657e-05
-1185 0 0
-1175 24 7.02628e-05
-1165 10 2.92761e-05
-1155 0 0
-1145 18 5.26971e-05
-1135 30 8.78284e-05
-1125 24 7.02628e-05
-1115 6 1.75657e-05
-1105 18 5.26971e-05
-1095 18 5.26971e-05
-1085 18 5.26971e-05
-1075 16 4.68418e-05
-1065 30 8.78284e-05
-1055 30 8.78284e-05
-1045 25 7.31904e-05
-1035 18 5.26971e-05
-1025 18 5.26971e-05
-1015 14 4.09866e-05
-1005 18 5.26971e-05
-995 14 4.09866e-05
-985 6 1.75657e-05
-975 22 6.44075e-05
-965 26 7.6118e-05
-955 40 0.000117105
-945 38 0.000111249
-935 68 0.000199078
-925 32 9.36837e-05
-915 53 0.000155164
-905 66 0.000193223
-895 43 0.000125887
-885 85 0.000248847
-875 49 0.000143453
-865 53 0.000155164
-855 46 0.00013467
-845 53 0.000155164
-835 48 0.000140526
-825 31 9.07561e-05
-815 55 0.000161019
-805 117 0.000342531
-795 22 6.44075e-05
-785 75 0.000219571
-775 64 0.000187367
-765 87 0.000254702
-755 60 0.000175657
-745 101 0.000295689
-735 127 0.000371807
-725 75 0.000219571
-715 90 0.000263485
-705 106 0.000310327
-695 131 0.000383518
-685 133 0.000389373
-675 136 0.000398156
-665 58 0.000169802
-655 110 0.000322038
-645 108 0.000316182
-635 169 0.000494767
-625 109 0.00031911
-615 140 0.000409866
-605 107 0.000313255
-595 166 0.000485984
-585 102 0.000298617
-575 166 0.000485984
-565 146 0.000427432
-555 142 0.000415721
-545 117 0.000342531
-535 123 0.000360097
-525 156 0.000456708
-515 192 0.000562102
-505 191 0.000559174
-495 211 0.000617727
-485 170 0.000497695
-475 154 0.000450853
-465 165 0.000483056
-455 206 0.000603089
-445 169 0.000494767
-435 209 0.000611871
-425 182 0.000532826
-415 219 0.000641148
-405 187 0.000547464
-395 246 0.000720193
-385 197 0.00057674
-375 251 0.000734831
-365 281 0.00082266
-355 229 0.000670424
-345 174 0.000509405
-335 256 0.000749469
-325 260 0.00076118
-315 203 0.000594306
-305 240 0.000702628
-295 204 0.000597233
-285 193 0.00056503
-275 192 0.000562102
-265 222 0.00064993
-255 292 0.000854863
-245 194 0.000567957
-235 272 0.000796311
-225 296 0.000866574
-215 223 0.000652858
-205 271 0.000793384
-195 316 0.000925126
-185 261 0.000764107
-175 235 0.000687989
-165 331 0.00096904
-155 238 0.000696772
-145 264 0.00077289
-135 297 0.000869502
-125 295 0.000863646
-115 281 0.00082266
-105 236 0.000690917
-95 218 0.00063822
-85 311 0.000910488
-75 399 0.00116812
-65 276 0.000808022
-55 312 0.000913416
-45 342 0.00100124
-35 234 0.000685062
-25 337 0.000986606
-15 370 0.00108322
-5 240 0.000702628
5 297 0.000869502
15 295 0.000863646
25 326 0.000954402
35 260 0.00076118
45 279 0.000816805
55 338 0.000989534
65 275 0.000805094
75 255 0.000746542
85 221 0.000647003
95 264 0.00077289
105 237 0.000693845
115 242 0.000708483
125 313 0.000916343
135 287 0.000840225
145 195 0.000570885
155 254 0.000743614
165 239 0.0006997
175 276 0.000808022
185 253 0.000740687
195 268 0.000784601
205 329 0.000963185
215 190 0.000556247
225 278 0.000813877
235 309 0.000904633
245 276 0.000808022
255 264 0.00077289
265 245 0.000717266
275 252 0.000737759
285 215 0.000629437
295 259 0.000758252
305 211 0.000617727
315 283 0.000828515
325 152 0.000444997
335 272 0.000796311
345 186 0.000544536
355 266 0.000778746
365 235 0.000687989
375 255 0.000746542
385 186 0.000544536
395 172 0.00050355
405 200 0.000585523
415 231 0.000676279
425 236 0.000690917
435 165 0.000483056
445 165 0.000483056
455 190 0.000556247
465 204 0.000597233
475 180 0.000526971
485 151 0.00044207
495 145 0.000424504
505 103 0.000301544
515 137 0.000401083
525 153 0.000447925
535 158 0.000462563
545 172 0.00050355
555 168 0.000491839
565 150 0.000439142
575 88 0.00025763
585 138 0.000404011
595 125 0.000365952
605 120 0.000351314
615 133 0.000389373
625 144 0.000421577
635 90 0.000263485
645 110 0.000322038
655 146 0.000427432
665 130 0.00038059
675 114 0.000333748
685 76 0.000222499
695 72 0.000210788
705 86 0.000251775
715 90 0.000263485
725 79 0.000231282
735 53 0.000155164
745 109 0.00031911
755 91 0.000266413
765 96 0.000281051
775 60 0.000175657
785 54 0.000158091
795 66 0.000193223
805 95 0.000278123
815 71 0.000207861
825 70 0.000204933
835 97 0.000283979
845 78 0.000228354
855 54 0.000158091
865 36 0.000105394
875 40 0.000117105
885 54 0.000158091
895 74 0.000216643
905 72 0.000210788
915 40 0.000117105
925 78 0.000228354
935 35 0.000102467
945 22 6.44075e-05
955 42 0.00012296
965 30 8.78284e-05
975 39 0.000114177
985 22 6.44075e-05
995 42 0.00012296
1005 34 9.95389e-05
1015 12 3.51314e-05
1025 24 7.02628e-05
1035 24 7.02628e-05
1045 21 6.14799e-05
1055 18 5.26971e-05
1065 60 0.000175657
1075 12 3.51314e-05
1085 12 3.51314e-05
1095 36 0.000105394
1105 12 3.51314e-05
1115 39 0.000114177
1125 0 0
1135 11 3.22038e-05
1145 24 7.02628e-05
1155 18 5.26971e-05
1165 12 3.51314e-05
1175 24 7.02628e-05
1185 18 5.26971e-05
1195 6 1.75657e-05
1205 12 3.51314e-05
1215 18 5.26971e-05
1225 24 7.02628e-05
1235 6 1.75657e-05
1245 6 1.75657e-05
1255 0 0
1265 13 3.8059e-05
1275 0 0
1285 0 0
1295 6 1.75657e-05
1305 0 0
1315 6 1.75657e-05
1325 6 1.75657e-05
1335 12 3.51314e-05
1345 12 3.51314e-05
1355 0 0
1365 6 1.75657e-05
1375 6 1.75657e-05
1385 0 0
1395 0 0
1405 12 3.51314e-05
1415 0 0
1425 0 0
1435 0 0
1445 0 0
1455 0 0
1465 6 1.75657e-05
1475 0 0
1485 6 1.75657e-05
1495 0 0
1505 0 0
1515 0 0
1525 0 0
1535 0 0
1545 0 0
1555 6 1.75657e-05
1565 0 0
1575 6 1.75657e-05
1585 12 3.51314e-05
1595 0 0
1605 6 1.75657e-05
1615 0 0
1625 0 0
1635 0 0
1645 0 0
1655 0 0
1665 0 0
1675 0 0
1685 0 0
1695 0 0
1705 0 0
1715 0 0
1725 0 0
1735 0 0
1745 0 0
1755 0 0
1765 0 0
1775 0 0
1785 0 0
1795 0 0
1805 0 0
1815 0 0
1825 0 0
1835 0 0
1845 0 0
1855 0 0
1865 0 0
1875 0 0
1885 0 0
1895 0 0
1905 0 0
1915 0 0
1925 0 0
1935 0 0
1945 0 0
1955 0 0
1965 0 0
1975 0 0
1985 0 0
1995 0 0
