5 6 1.74332e-05
15 18 5.22997e-05
25 30 8.71662e-05
35 66 0.000191766
45 75 0.000217916
55 120 0.000348665
65 90 0.000261499
75 114 0.000331232
85 72 0.000209199
95 114 0.000331232
105 144 0.000418398
115 147 0.000427115
125 147 0.000427115
135 211 0.000613069
145 267 0.000775779
155 187 0.000543336
165 281 0.000816457
175 210 0.000610164
185 317 0.000921056
195 260 0.000755441
205 300 0.000871662
215 321 0.000932679
225 234 0.000679897
235 356 0.00103437
245 331 0.000961734
255 406 0.00117965
265 444 0.00129006
275 329 0.000955923
285 343 0.000996601
295 368 0.00106924
305 365 0.00106052
315 403 0.00117093
325 413 0.00119999
335 340 0.000987884
345 351 0.00101984
355 413 0.00119999
365 471 0.00136851
375 440 0.00127844
385 490 0.00142372
395 326 0.000947206
405 422 0.00122614
415 422 0.00122614
425 436 0.00126682
435 459 0.00133364
445 441 0.00128134
455 437 0.00126972
465 464 0.00134817
475 429 0.00124648
485 493 0.00143243
495 435 0.00126391
505 398 0.00115641
515 403 0.00117093
525 445 0.00129297
535 398 0.00115641
545 447 0.00129878
555 438 0.00127263
565 319 0.000926868
575 495 0.00143824
585 522 0.00151669
595 483 0.00140338
605 399 0.00115931
615 327 0.000950112
625 358 0.00104018
635 384 0.00111573
645 353 0.00102566
655 391 0.00113607
665 403 0.00117093
675 425 0.00123485
685 397 0.0011535
695 402 0.00116803
705 333 0.000967545
715 292 0.000848418
725 338 0.000982073
735 347 0.00100822
745 368 0.00106924
755 350 0.00101694
765 343 0.000996601
775 334 0.000970451
785 330 0.000958828
795 315 0.000915245
805 283 0.000822268
815 279 0.000810646
825 258 0.00074963
835 201 0.000584014
845 313 0.000909434
855 242 0.000703141
865 244 0.000708952
875 297 0.000862946
885 209 0.000607258
895 195 0.00056658
905 195 0.00056658
915 216 0.000627597
925 282 0.000819363
935 153 0.000444548
945 217 0.000630502
955 167 0.000485225
965 238 0.000691519
975 207 0.000601447
985 136 0.000395154
995 133 0.000386437
1005 204 0.00059273
1015 185 0.000537525
1025 143 0.000415492
1035 163 0.000473603
1045 166 0.00048232
1055 83 0.00024116
1065 131 0.000380626
1075 155 0.000450359
1085 99 0.000287649
1095 90 0.000261499
1105 114 0.000331232
1115 126 0.000366098
1125 117 0.000339948
1135 101 0.00029346
1145 64 0.000185955
1155 65 0.00018886
1165 101 0.00029346
1175 97 0.000281837
1185 71 0.000206293
1195 63 0.000183049
1205 92 0.00026731
1215 37 0.000107505
1225 61 0.000177238
1235 72 0.000209199
1245 79 0.000229538
1255 30 8.71662e-05
1265 54 0.000156899
1275 66 0.000191766
1285 42 0.000122033
1295 40 0.000116222
1305 18 5.22997e-05
1315 36 0.000104599
1325 30 8.71662e-05
1335 46 0.000133655
1345 60 0.000174332
1355 18 5.22997e-05
1365 24 6.9733e-05
1375 34 9.87884e-05
1385 18 5.22997e-05
1395 6 1.74332e-05
1405 30 8.71662e-05
1415 23 6.68274e-05
1425 6 1.74332e-05
1435 18 5.22997e-05
1445 14 4.06776e-05
1455 12 3.48665e-05
1465 12 3.48665e-05
1475 12 3.48665e-05
1485 12 3.48665e-05
1495 24 6.9733e-05
1505 18 5.22997e-05
1515 42 0.000122033
1525 6 1.74332e-05
1535 12 3.48665e-05
1545 8 2.32443e-05
1555 12 3.48665e-05
1565 0 0
1575 18 5.22997e-05
1585 12 3.48665e-05
1595 29 8.42607e-05
1605 24 6.9733e-05
1615 12 3.48665e-05
1625 0 0
1635 6 1.74332e-05
1645 6 1.74332e-05
1655 0 0
1665 0 0
1675 0 0
1685 12 3.48665e-05
1695 12 3.48665e-05
1705 6 1.74332e-05
1715 0 0
1725 0 0
1735 6 1.74332e-05
1745 6 1.74332e-05
1755 6 1.74332e-05
1765 6 1.74332e-05
1775 6 1.74332e-05
1785 0 0
1795 6 1.74332e-05
1805 1 2.90554e-06
1815 0 0
1825 6 1.74332e-05
1835 0 0
1845 0 0
1855 6 1.74332e-05
1865 0 0
1875 0 0
1885 0 0
1895 0 0
1905 0 0
1915 0 0
1925 0 0
1935 6 1.74332e-05
1945 0 0
1955 0 0
1965 0 0
1975 0 0
1985 6 1.74332e-05
1995 0 0
