5 0 0
15 0 0
25 0 0
35 0 0
45 0 0
55 0 0
65 60 0.000174317
75 43 0.000124927
85 55 0.000159791
95 54 0.000156886
105 78 0.000226612
115 132 0.000383498
125 96 0.000278908
135 178 0.000517141
145 232 0.000674027
155 195 0.000566531
165 251 0.000729227
175 164 0.000476467
185 247 0.000717606
195 323 0.000938408
205 314 0.00091226
215 279 0.000810575
225 333 0.000967461
235 266 0.000772807
245 296 0.000859965
255 350 0.00101685
265 369 0.00107205
275 404 0.00117374
285 411 0.00119407
295 372 0.00108077
305 406 0.00117955
315 354 0.00102847
325 398 0.0011563
335 433 0.00125799
345 308 0.000894829
355 436 0.00126671
365 454 0.001319
375 419 0.00121732
385 471 0.00136839
395 436 0.00126671
405 414 0.00120279
415 493 0.00143231
425 494 0.00143521
435 482 0.00140035
445 457 0.00132772
455 514 0.00149332
465 486 0.00141197
475 388 0.00112725
485 446 0.00129576
495 404 0.00117374
505 476 0.00138292
515 405 0.00117664
525 452 0.00131319
535 447 0.00129866
545 419 0.00121732
555 575 0.00167054
565 495 0.00143812
575 382 0.00110982
585 375 0.00108948
595 498 0.00144683
605 375 0.00108948
615 401 0.00116502
625 387 0.00112435
635 412 0.00119698
645 388 0.00112725
655 387 0.00112435
665 349 0.00101395
675 393 0.00114178
685 404 0.00117374
695 405 0.00117664
705 317 0.000920976
715 379 0.0011011
725 342 0.000993608
735 411 0.00119407
745 463 0.00134515
755 322 0.000935503
765 320 0.000929692
775 353 0.00102557
785 368 0.00106915
795 244 0.00070889
805 317 0.000920976
815 260 0.000755375
825 226 0.000656595
835 336 0.000976177
845 270 0.000784428
855 245 0.000711795
865 187 0.000543289
875 299 0.000868681
885 245 0.000711795
895 239 0.000694364
905 214 0.000621732
915 217 0.000630447
925 268 0.000778617
935 196 0.000569436
945 200 0.000581058
955 213 0.000618826
965 153 0.000444509
975 308 0.000894829
985 166 0.000482278
995 184 0.000534573
1005 230 0.000668216
1015 164 0.000476467
1025 144 0.000418361
1035 108 0.000313771
1045 105 0.000305055
1055 132 0.000383498
1065 162 0.000470657
1075 161 0.000467751
1085 105 0.000305055
1095 78 0.000226612
1105 130 0.000377687
1115 58 0.000168507
1125 105 0.000305055
1135 126 0.000366066
1145 66 0.000191749
1155 80 0.000232423
1165 66 0.000191749
1175 100 0.000290529
1185 92 0.000267286
1195 90 0.000261476
1205 54 0.000156886
1215 67 0.000194654
1225 72 0.000209181
1235 34 9.87798e-05
1245 54 0.000156886
1255 54 0.000156886
1265 66 0.000191749
1275 36 0.00010459
1285 31 9.00639e-05
1295 17 4.93899e-05
1305 60 0.000174317
1315 54 0.000156886
1325 47 0.000136549
1335 38 0.000110401
1345 30 8.71586e-05
1355 13 3.77687e-05
1365 18 5.22952e-05
1375 31 9.00639e-05
1385 30 8.71586e-05
1395 48 0.000139454
1405 30 8.71586e-05
1415 24 6.97269e-05
1425 30 8.71586e-05
1435 6 1.74317e-05
1445 24 6.97269e-05
1455 36 0.00010459
1465 24 6.97269e-05
1475 18 5.22952e-05
1485 12 3.48635e-05
1495 18 5.22952e-05
1505 12 3.48635e-05
1515 0 0
1525 24 6.97269e-05
1535 0 0
1545 0 0
1555 16 4.64846e-05
1565 24 6.97269e-05
1575 6 1.74317e-05
1585 12 3.48635e-05
1595 6 1.74317e-05
1605 6 1.74317e-05
1615 6 1.74317e-05
1625 0 0
1635 12 3.48635e-05
1645 0 0
1655 0 0
1665 0 0
1675 0 0
1685 12 3.48635e-05
1695 6 1.74317e-05
1705 0 0
1715 0 0
1725 0 0
1735 6 1.74317e-05
1745 6 1.74317e-05
1755 0 0
1765 0 0
1775 0 0
1785 0 0
1795 6 1.74317e-05
1805 0 0
1815 0 0
1825 0 0
1835 0 0
1845 0 0
1855 0 0
1865 0 0
1875 0 0
1885 0 0
1895 0 0
1905 0 0
1915 0 0
1925 0 0
1935 0 0
1945 0 0
1955 0 0
1965 0 0
1975 0 0
1985 0 0
1995 0 0
